SOURCES 4C Calculation
<<<<<<<<<<<>>>>>>>>>>>



                          Neutron Source Magnitudes
                          ~~~~~~~~~~~~~~~~~~~~~~~~~

Title: Copper on He interface problem InterfaceProblem: N. Abgrall et al., Nucl. Ins

 WARNING-AN ALPHA ENERGY THAT EXCEEDED   6.500 MEV WAS SET TO:  6.500 MeV
 WARNING-AN ALPHA ENERGY THAT EXCEEDED   6.500 MEV WAS SET TO:  6.500 MeV
 WARNING-AN ALPHA ENERGY THAT EXCEEDED   6.500 MEV WAS SET TO:  6.500 MeV
 WARNING-AN ALPHA ENERGY THAT EXCEEDED   6.500 MEV WAS SET TO:  6.500 MeV
 WARNING-AN ALPHA ENERGY THAT EXCEEDED   6.500 MEV WAS SET TO:  6.500 MeV


1                              Table I
                               =======

            (alpha,n) Neutron Production by Target and Alpha Energy


                 target            alpha   alphas/sec     p(e)     neuts/sec
       target  atom frac.          energy     /cm^2    neut/alpha    /cm^2
+      ______  __________  ______  ______  __________  __________  __________
       be  9   1.0000E+00           0.004  9.3602E-14  0.0000E+00  0.0000E+00
                                    0.011  4.4132E-14  0.0000E+00  0.0000E+00
                                    0.017  3.3873E-14  0.0000E+00  0.0000E+00
                                    0.024  2.8544E-14  0.0000E+00  0.0000E+00
                                    0.030  2.5126E-14  0.0000E+00  0.0000E+00
                                    0.037  2.2692E-14  0.0000E+00  0.0000E+00
                                    0.043  2.0847E-14  0.0000E+00  0.0000E+00
                                    0.050  1.9386E-14  0.0000E+00  0.0000E+00
                                    0.056  1.8193E-14  0.0000E+00  0.0000E+00
                                    0.063  1.7195E-14  0.0000E+00  0.0000E+00
                                    0.069  1.6345E-14  0.0000E+00  0.0000E+00
                                    0.076  1.5610E-14  0.0000E+00  0.0000E+00
                                    0.082  1.4967E-14  0.0000E+00  0.0000E+00
                                    0.089  1.4399E-14  0.0000E+00  0.0000E+00
                                    0.095  1.3892E-14  0.0000E+00  0.0000E+00
                                    0.102  1.3436E-14  0.0000E+00  0.0000E+00
                                    0.108  1.3024E-14  0.0000E+00  0.0000E+00
                                    0.115  1.2650E-14  0.0000E+00  0.0000E+00
                                    0.121  1.2307E-14  0.0000E+00  0.0000E+00
                                    0.128  1.1992E-14  0.0000E+00  0.0000E+00
                                    0.134  1.1702E-14  0.0000E+00  0.0000E+00
                                    0.141  1.1433E-14  0.0000E+00  0.0000E+00
                                    0.147  1.1183E-14  0.0000E+00  0.0000E+00
                                    0.154  1.0951E-14  0.0000E+00  0.0000E+00
                                    0.160  1.0734E-14  0.0000E+00  0.0000E+00
                                    0.167  1.0531E-14  0.0000E+00  0.0000E+00
                                    0.173  1.0341E-14  0.0000E+00  0.0000E+00
                                    0.180  1.0162E-14  0.0000E+00  0.0000E+00
                                    0.186  9.9930E-15  0.0000E+00  0.0000E+00
                                    0.193  9.8339E-15  0.0000E+00  0.0000E+00
                                    0.199  9.6835E-15  0.0000E+00  0.0000E+00
                                    0.206  9.5411E-15  0.0000E+00  0.0000E+00
                                    0.212  9.4061E-15  0.0000E+00  0.0000E+00
                                    0.219  9.2781E-15  0.0000E+00  0.0000E+00
                                    0.225  9.1564E-15  0.0000E+00  0.0000E+00
                                    0.232  9.0406E-15  0.0000E+00  0.0000E+00
                                    0.238  8.9303E-15  0.0000E+00  0.0000E+00
                                    0.245  8.8252E-15  0.0000E+00  0.0000E+00
                                    0.251  8.7249E-15  0.0000E+00  0.0000E+00
                                    0.258  8.6291E-15  0.0000E+00  0.0000E+00
                                    0.264  8.5375E-15  0.0000E+00  0.0000E+00
                                    0.271  8.4499E-15  0.0000E+00  0.0000E+00
                                    0.277  8.3661E-15  0.0000E+00  0.0000E+00
                                    0.284  8.2858E-15  0.0000E+00  0.0000E+00
                                    0.290  8.2088E-15  0.0000E+00  0.0000E+00
                                    0.297  8.1350E-15  0.0000E+00  0.0000E+00
                                    0.303  8.0641E-15  0.0000E+00  0.0000E+00
                                    0.310  7.9961E-15  0.0000E+00  0.0000E+00
                                    0.316  7.9307E-15  0.0000E+00  0.0000E+00
                                    0.323  7.8679E-15  0.0000E+00  0.0000E+00
                                    0.329  7.8075E-15  0.0000E+00  0.0000E+00
                                    0.336  7.7493E-15  0.0000E+00  0.0000E+00
                                    0.342  7.6934E-15  0.0000E+00  0.0000E+00
                                    0.349  7.6396E-15  0.0000E+00  0.0000E+00
                                    0.355  7.5877E-15  0.0000E+00  0.0000E+00
                                    0.362  7.5378E-15  0.0000E+00  0.0000E+00
                                    0.368  7.4896E-15  0.0000E+00  0.0000E+00
                                    0.375  7.4432E-15  0.0000E+00  0.0000E+00
                                    0.381  7.3985E-15  0.0000E+00  0.0000E+00
                                    0.388  7.3554E-15  0.0000E+00  0.0000E+00
                                    0.394  7.3138E-15  0.0000E+00  0.0000E+00
                                    0.401  7.2736E-15  0.0000E+00  0.0000E+00
                                    0.407  7.2348E-15  0.0000E+00  0.0000E+00
                                    0.414  7.1974E-15  0.0000E+00  0.0000E+00
                                    0.420  7.1613E-15  0.0000E+00  0.0000E+00
                                    0.427  7.1265E-15  0.0000E+00  0.0000E+00
                                    0.433  7.0928E-15  0.0000E+00  0.0000E+00
                                    0.440  7.0603E-15  0.0000E+00  0.0000E+00
                                    0.446  7.0289E-15  0.0000E+00  0.0000E+00
                                    0.453  6.9985E-15  0.0000E+00  0.0000E+00
                                    0.459  6.9692E-15  0.0000E+00  0.0000E+00
                                    0.466  6.9409E-15  0.0000E+00  0.0000E+00
                                    0.472  6.9135E-15  0.0000E+00  0.0000E+00
                                    0.479  6.8871E-15  0.0000E+00  0.0000E+00
                                    0.485  6.8615E-15  0.0000E+00  0.0000E+00
                                    0.492  6.8368E-15  0.0000E+00  0.0000E+00
                                    0.498  6.8130E-15  0.0000E+00  0.0000E+00
                                    0.505  6.7899E-15  0.0000E+00  0.0000E+00
                                    0.511  6.7677E-15  0.0000E+00  0.0000E+00
                                    0.518  6.7462E-15  0.0000E+00  0.0000E+00
                                    0.524  6.7254E-15  0.0000E+00  0.0000E+00
                                    0.531  6.7053E-15  0.0000E+00  0.0000E+00
                                    0.537  6.6859E-15  0.0000E+00  0.0000E+00
                                    0.544  6.6671E-15  0.0000E+00  0.0000E+00
                                    0.550  6.6490E-15  0.0000E+00  0.0000E+00
                                    0.557  6.6315E-15  0.0000E+00  0.0000E+00
                                    0.563  6.6147E-15  0.0000E+00  0.0000E+00
                                    0.570  6.5984E-15  0.0000E+00  0.0000E+00
                                    0.576  6.5826E-15  0.0000E+00  0.0000E+00
                                    0.583  6.5674E-15  0.0000E+00  0.0000E+00
                                    0.589  6.5528E-15  0.0000E+00  0.0000E+00
                                    0.596  6.5386E-15  0.0000E+00  0.0000E+00
                                    0.602  6.5250E-15  0.0000E+00  0.0000E+00
                                    0.609  6.5119E-15  0.0000E+00  0.0000E+00
                                    0.615  6.4992E-15  0.0000E+00  0.0000E+00
                                    0.622  6.4870E-15  0.0000E+00  0.0000E+00
                                    0.628  6.4752E-15  0.0000E+00  0.0000E+00
                                    0.635  6.4638E-15  0.0000E+00  0.0000E+00
                                    0.641  6.4529E-15  0.0000E+00  0.0000E+00
                                    0.648  6.4424E-15  0.0000E+00  0.0000E+00
                                    0.654  6.4323E-15  0.0000E+00  0.0000E+00
                                    0.661  6.4226E-15  0.0000E+00  0.0000E+00
                                    0.667  6.4132E-15  0.0000E+00  0.0000E+00
                                    0.674  6.4043E-15  0.0000E+00  0.0000E+00
                                    0.680  6.3956E-15  0.0000E+00  0.0000E+00
                                    0.687  6.3874E-15  0.0000E+00  0.0000E+00
                                    0.693  6.3794E-15  0.0000E+00  0.0000E+00
                                    0.700  6.3718E-15  0.0000E+00  0.0000E+00
                                    0.706  6.3645E-15  0.0000E+00  0.0000E+00
                                    0.713  6.3575E-15  0.0000E+00  0.0000E+00
                                    0.719  6.3509E-15  0.0000E+00  0.0000E+00
                                    0.726  6.3445E-15  0.0000E+00  0.0000E+00
                                    0.732  6.3384E-15  0.0000E+00  0.0000E+00
                                    0.739  6.3326E-15  0.0000E+00  0.0000E+00
                                    0.745  6.3271E-15  0.0000E+00  0.0000E+00
                                    0.752  6.3218E-15  0.0000E+00  0.0000E+00
                                    0.758  6.3168E-15  0.0000E+00  0.0000E+00
                                    0.765  6.3120E-15  0.0000E+00  0.0000E+00
                                    0.771  6.3075E-15  0.0000E+00  0.0000E+00
                                    0.778  6.3033E-15  0.0000E+00  0.0000E+00
                                    0.784  6.2992E-15  0.0000E+00  0.0000E+00
                                    0.791  6.2954E-15  0.0000E+00  0.0000E+00
                                    0.797  6.2919E-15  0.0000E+00  0.0000E+00
                                    0.804  6.2885E-15  0.0000E+00  0.0000E+00
                                    0.810  6.2854E-15  0.0000E+00  0.0000E+00
                                    0.817  6.2824E-15  0.0000E+00  0.0000E+00
                                    0.823  6.2797E-15  0.0000E+00  0.0000E+00
                                    0.830  6.2772E-15  0.0000E+00  0.0000E+00
                                    0.836  6.2748E-15  0.0000E+00  0.0000E+00
                                    0.843  6.2727E-15  0.0000E+00  0.0000E+00
                                    0.849  6.2707E-15  0.0000E+00  0.0000E+00
                                    0.856  6.2689E-15  0.0000E+00  0.0000E+00
                                    0.862  6.2673E-15  0.0000E+00  0.0000E+00
                                    0.869  6.2658E-15  0.0000E+00  0.0000E+00
                                    0.875  6.2646E-15  0.0000E+00  0.0000E+00
                                    0.882  6.2635E-15  0.0000E+00  0.0000E+00
                                    0.888  6.2625E-15  0.0000E+00  0.0000E+00
                                    0.895  6.2617E-15  0.0000E+00  0.0000E+00
                                    0.901  6.2611E-15  0.0000E+00  0.0000E+00
                                    0.908  6.2606E-15  0.0000E+00  0.0000E+00
                                    0.914  6.2602E-15  0.0000E+00  0.0000E+00
                                    0.921  6.2600E-15  0.0000E+00  0.0000E+00
                                    0.927  6.2600E-15  0.0000E+00  0.0000E+00
                                    0.934  6.2600E-15  0.0000E+00  0.0000E+00
                                    0.940  6.2602E-15  0.0000E+00  0.0000E+00
                                    0.947  6.2606E-15  0.0000E+00  0.0000E+00
                                    0.953  6.2610E-15  0.0000E+00  0.0000E+00
                                    0.960  6.2616E-15  0.0000E+00  0.0000E+00
                                    0.966  6.2623E-15  0.0000E+00  0.0000E+00
                                    0.973  6.2631E-15  0.0000E+00  0.0000E+00
                                    0.979  6.2641E-15  0.0000E+00  0.0000E+00
                                    0.986  6.2651E-15  0.0000E+00  0.0000E+00
                                    0.992  6.2663E-15  0.0000E+00  0.0000E+00
                                    0.999  6.2676E-15  0.0000E+00  0.0000E+00
                                    1.005  6.2690E-15  1.0116E-11  6.3417E-26
                                    1.012  6.2705E-15  5.1796E-11  3.2479E-25
                                    1.018  6.2720E-15  1.2584E-10  7.8930E-25
                                    1.025  6.2737E-15  2.3245E-10  1.4583E-24
                                    1.031  6.2755E-15  3.7172E-10  2.3328E-24
                                    1.038  6.2774E-15  5.4348E-10  3.4117E-24
                                    1.044  6.2794E-15  7.4776E-10  4.6954E-24
                                    1.051  6.2814E-15  9.8486E-10  6.1864E-24
                                    1.057  6.2836E-15  1.2547E-09  7.8839E-24
                                    1.064  6.2858E-15  1.5571E-09  9.7880E-24
                                    1.070  6.2882E-15  1.8923E-09  1.1899E-23
                                    1.077  6.2906E-15  2.2606E-09  1.4220E-23
                                    1.083  6.2931E-15  2.6617E-09  1.6750E-23
                                    1.090  6.2957E-15  3.0956E-09  1.9489E-23
                                    1.096  6.2983E-15  3.5625E-09  2.2438E-23
                                    1.103  6.3011E-15  4.0626E-09  2.5599E-23
                                    1.109  6.3039E-15  4.5957E-09  2.8971E-23
                                    1.116  6.3068E-15  5.1619E-09  3.2555E-23
                                    1.122  6.3097E-15  5.7614E-09  3.6353E-23
                                    1.129  6.3127E-15  6.3942E-09  4.0365E-23
                                    1.135  6.3158E-15  7.0603E-09  4.4592E-23
                                    1.142  6.3190E-15  7.7596E-09  4.9033E-23
                                    1.148  6.3223E-15  8.4926E-09  5.3692E-23
                                    1.155  6.3256E-15  9.2591E-09  5.8569E-23
                                    1.161  6.3289E-15  1.0059E-08  6.3663E-23
                                    1.168  6.3323E-15  1.0893E-08  6.8976E-23
                                    1.174  6.3358E-15  1.1760E-08  7.4510E-23
                                    1.181  6.3394E-15  1.2661E-08  8.0264E-23
                                    1.187  6.3430E-15  1.3596E-08  8.6240E-23
                                    1.194  6.3467E-15  1.4565E-08  9.2440E-23
                                    1.200  6.3504E-15  1.5568E-08  9.8863E-23
                                    1.207  6.3542E-15  1.6605E-08  1.0551E-22
                                    1.213  6.3580E-15  1.7676E-08  1.1238E-22
                                    1.220  6.3619E-15  1.8781E-08  1.1948E-22
                                    1.226  6.3659E-15  1.9921E-08  1.2681E-22
                                    1.233  6.3699E-15  2.1095E-08  1.3437E-22
                                    1.239  6.3739E-15  2.2303E-08  1.4216E-22
                                    1.246  6.3780E-15  2.3546E-08  1.5018E-22
                                    1.252  6.3821E-15  2.4824E-08  1.5843E-22
                                    1.259  6.3863E-15  2.6136E-08  1.6691E-22
                                    1.265  6.3906E-15  2.7483E-08  1.7563E-22
                                    1.272  6.3949E-15  2.8864E-08  1.8458E-22
                                    1.278  6.3992E-15  3.0281E-08  1.9377E-22
                                    1.285  6.4036E-15  3.1733E-08  2.0320E-22
                                    1.291  6.4080E-15  3.3219E-08  2.1287E-22
                                    1.298  6.4125E-15  3.4741E-08  2.2278E-22
                                    1.304  6.4170E-15  3.6299E-08  2.3293E-22
                                    1.311  6.4215E-15  3.7891E-08  2.4332E-22
                                    1.317  6.4261E-15  3.9519E-08  2.5396E-22
                                    1.324  6.4307E-15  4.1183E-08  2.6484E-22
                                    1.330  6.4354E-15  4.2882E-08  2.7596E-22
                                    1.337  6.4401E-15  4.4617E-08  2.8734E-22
                                    1.343  6.4449E-15  4.6388E-08  2.9896E-22
                                    1.350  6.4496E-15  4.8194E-08  3.1083E-22
                                    1.356  6.4545E-15  5.0037E-08  3.2296E-22
                                    1.363  6.4593E-15  5.1915E-08  3.3534E-22
                                    1.369  6.4642E-15  5.3830E-08  3.4797E-22
                                    1.376  6.4691E-15  5.5781E-08  3.6086E-22
                                    1.382  6.4741E-15  5.7769E-08  3.7400E-22
                                    1.389  6.4791E-15  5.9793E-08  3.8740E-22
                                    1.395  6.4841E-15  6.1853E-08  4.0106E-22
                                    1.402  6.4891E-15  6.3950E-08  4.1498E-22
                                    1.408  6.4942E-15  6.6084E-08  4.2917E-22
                                    1.415  6.4993E-15  6.8255E-08  4.4362E-22
                                    1.421  6.5045E-15  7.0463E-08  4.5833E-22
                                    1.428  6.5097E-15  7.2708E-08  4.7330E-22
                                    1.434  6.5149E-15  7.4990E-08  4.8855E-22
                                    1.441  6.5201E-15  7.7310E-08  5.0407E-22
                                    1.447  6.5254E-15  7.9666E-08  5.1985E-22
                                    1.454  6.5307E-15  8.2060E-08  5.3591E-22
                                    1.460  6.5360E-15  8.4492E-08  5.5224E-22
                                    1.467  6.5413E-15  8.6962E-08  5.6885E-22
                                    1.473  6.5467E-15  8.9469E-08  5.8573E-22
                                    1.480  6.5521E-15  9.2014E-08  6.0289E-22
                                    1.486  6.5575E-15  9.4598E-08  6.2033E-22
                                    1.493  6.5630E-15  9.7219E-08  6.3805E-22
                                    1.499  6.5684E-15  9.9879E-08  6.5605E-22
                                    1.506  6.5739E-15  1.0263E-07  6.7467E-22
                                    1.512  6.5795E-15  1.0555E-07  6.9448E-22
                                    1.519  6.5850E-15  1.0866E-07  7.1551E-22
                                    1.525  6.5906E-15  1.1194E-07  7.3775E-22
                                    1.532  6.5962E-15  1.1540E-07  7.6122E-22
                                    1.538  6.6018E-15  1.1905E-07  7.8592E-22
                                    1.545  6.6074E-15  1.2287E-07  8.1186E-22
                                    1.551  6.6131E-15  1.2688E-07  8.3910E-22
                                    1.558  6.6187E-15  1.3143E-07  8.6993E-22
                                    1.564  6.6244E-15  1.3672E-07  9.0567E-22
                                    1.571  6.6302E-15  1.4273E-07  9.4632E-22
                                    1.577  6.6359E-15  1.4948E-07  9.9195E-22
                                    1.584  6.6417E-15  1.5698E-07  1.0426E-21
                                    1.590  6.6474E-15  1.6521E-07  1.0982E-21
                                    1.597  6.6532E-15  1.7418E-07  1.1589E-21
                                    1.603  6.6591E-15  1.8392E-07  1.2247E-21
                                    1.610  6.6649E-15  1.9448E-07  1.2962E-21
                                    1.616  6.6708E-15  2.0588E-07  1.3734E-21
                                    1.623  6.6766E-15  2.1813E-07  1.4564E-21
                                    1.629  6.6825E-15  2.3124E-07  1.5453E-21
                                    1.635  6.6884E-15  2.4520E-07  1.6400E-21
                                    1.642  6.6944E-15  2.6001E-07  1.7406E-21
                                    1.648  6.7003E-15  2.7568E-07  1.8471E-21
                                    1.655  6.7063E-15  2.9247E-07  1.9614E-21
                                    1.661  6.7122E-15  3.1097E-07  2.0873E-21
                                    1.668  6.7182E-15  3.3121E-07  2.2252E-21
                                    1.674  6.7242E-15  3.5320E-07  2.3750E-21
                                    1.681  6.7303E-15  3.7695E-07  2.5370E-21
                                    1.687  6.7363E-15  4.0244E-07  2.7110E-21
                                    1.694  6.7424E-15  4.2969E-07  2.8971E-21
                                    1.700  6.7484E-15  4.5873E-07  3.0957E-21
                                    1.707  6.7545E-15  4.9000E-07  3.3097E-21
                                    1.713  6.7606E-15  5.2385E-07  3.5416E-21
                                    1.720  6.7667E-15  5.6030E-07  3.7914E-21
                                    1.726  6.7728E-15  5.9937E-07  4.0594E-21
                                    1.733  6.7790E-15  6.4105E-07  4.3456E-21
                                    1.739  6.7851E-15  6.8533E-07  4.6501E-21
                                    1.746  6.7913E-15  7.3226E-07  4.9730E-21
                                    1.752  6.7975E-15  7.8208E-07  5.3162E-21
                                    1.759  6.8037E-15  8.3699E-07  5.6946E-21
                                    1.765  6.8099E-15  8.9760E-07  6.1126E-21
                                    1.772  6.8161E-15  9.6401E-07  6.5708E-21
                                    1.778  6.8224E-15  1.0362E-06  7.0691E-21
                                    1.785  6.8286E-15  1.1141E-06  7.6076E-21
                                    1.791  6.8349E-15  1.1978E-06  8.1867E-21
                                    1.798  6.8411E-15  1.2873E-06  8.8069E-21
                                    1.804  6.8474E-15  1.3828E-06  9.4684E-21
                                    1.811  6.8537E-15  1.4843E-06  1.0173E-20
                                    1.817  6.8600E-15  1.5919E-06  1.0920E-20
                                    1.824  6.8663E-15  1.7056E-06  1.1711E-20
                                    1.830  6.8727E-15  1.8255E-06  1.2546E-20
                                    1.837  6.8790E-15  1.9514E-06  1.3424E-20
                                    1.843  6.8853E-15  2.0837E-06  1.4347E-20
                                    1.850  6.8917E-15  2.2220E-06  1.5314E-20
                                    1.856  6.8981E-15  2.3654E-06  1.6316E-20
                                    1.863  6.9045E-15  2.5123E-06  1.7346E-20
                                    1.869  6.9109E-15  2.6630E-06  1.8404E-20
                                    1.876  6.9173E-15  2.8174E-06  1.9489E-20
                                    1.882  6.9237E-15  2.9755E-06  2.0601E-20
                                    1.889  6.9301E-15  3.1372E-06  2.1741E-20
                                    1.895  6.9365E-15  3.3027E-06  2.2910E-20
                                    1.902  6.9430E-15  3.4718E-06  2.4104E-20
                                    1.908  6.9494E-15  3.6416E-06  2.5307E-20
                                    1.915  6.9559E-15  3.8111E-06  2.6509E-20
                                    1.921  6.9623E-15  3.9804E-06  2.7713E-20
                                    1.928  6.9688E-15  4.1494E-06  2.8917E-20
                                    1.934  6.9753E-15  4.3183E-06  3.0121E-20
                                    1.941  6.9818E-15  4.4868E-06  3.1326E-20
                                    1.947  6.9883E-15  4.6551E-06  3.2531E-20
                                    1.954  6.9948E-15  4.8225E-06  3.3733E-20
                                    1.960  7.0014E-15  4.9864E-06  3.4911E-20
                                    1.967  7.0079E-15  5.1464E-06  3.6066E-20
                                    1.973  7.0144E-15  5.3027E-06  3.7195E-20
                                    1.980  7.0210E-15  5.4551E-06  3.8300E-20
                                    1.986  7.0275E-15  5.6036E-06  3.9379E-20
                                    1.993  7.0341E-15  5.7483E-06  4.0434E-20
                                    1.999  7.0407E-15  5.8891E-06  4.1463E-20
                                    2.006  7.0472E-15  6.0265E-06  4.2470E-20
                                    2.012  7.0538E-15  6.1612E-06  4.3460E-20
                                    2.019  7.0604E-15  6.2933E-06  4.4433E-20
                                    2.025  7.0670E-15  6.4226E-06  4.5389E-20
                                    2.032  7.0736E-15  6.5493E-06  4.6327E-20
                                    2.038  7.0803E-15  6.6733E-06  4.7248E-20
                                    2.045  7.0869E-15  6.7945E-06  4.8152E-20
                                    2.051  7.0935E-15  6.9130E-06  4.9038E-20
                                    2.058  7.1001E-15  7.0299E-06  4.9913E-20
                                    2.064  7.1068E-15  7.1456E-06  5.0782E-20
                                    2.071  7.1134E-15  7.2600E-06  5.1643E-20
                                    2.077  7.1201E-15  7.3732E-06  5.2498E-20
                                    2.084  7.1268E-15  7.4852E-06  5.3345E-20
                                    2.090  7.1334E-15  7.5959E-06  5.4185E-20
                                    2.097  7.1401E-15  7.7054E-06  5.5017E-20
                                    2.103  7.1468E-15  7.8136E-06  5.5842E-20
                                    2.110  7.1535E-15  7.9208E-06  5.6661E-20
                                    2.116  7.1602E-15  8.0268E-06  5.7474E-20
                                    2.123  7.1669E-15  8.1318E-06  5.8279E-20
                                    2.129  7.1736E-15  8.2356E-06  5.9079E-20
                                    2.136  7.1803E-15  8.3383E-06  5.9871E-20
                                    2.142  7.1870E-15  8.4399E-06  6.0658E-20
                                    2.149  7.1938E-15  8.5403E-06  6.1437E-20
                                    2.155  7.2005E-15  8.6404E-06  6.2215E-20
                                    2.162  7.2072E-15  8.7416E-06  6.3003E-20
                                    2.168  7.2140E-15  8.8439E-06  6.3800E-20
                                    2.175  7.2207E-15  8.9473E-06  6.4606E-20
                                    2.181  7.2275E-15  9.0518E-06  6.5422E-20
                                    2.188  7.2342E-15  9.1574E-06  6.6247E-20
                                    2.194  7.2410E-15  9.2641E-06  6.7082E-20
                                    2.201  7.2478E-15  9.3720E-06  6.7926E-20
                                    2.207  7.2546E-15  9.4811E-06  6.8781E-20
                                    2.214  7.2613E-15  9.5913E-06  6.9646E-20
                                    2.220  7.2681E-15  9.7028E-06  7.0521E-20
                                    2.227  7.2749E-15  9.8155E-06  7.1407E-20
                                    2.233  7.2817E-15  9.9295E-06  7.2304E-20
                                    2.240  7.2885E-15  1.0045E-05  7.3211E-20
                                    2.246  7.2953E-15  1.0161E-05  7.4129E-20
                                    2.253  7.3021E-15  1.0279E-05  7.5055E-20
                                    2.259  7.3090E-15  1.0396E-05  7.5980E-20
                                    2.266  7.3158E-15  1.0512E-05  7.6901E-20
                                    2.272  7.3226E-15  1.0627E-05  7.7817E-20
                                    2.279  7.3294E-15  1.0741E-05  7.8729E-20
                                    2.285  7.3363E-15  1.0855E-05  7.9636E-20
                                    2.292  7.3431E-15  1.0968E-05  8.0538E-20
                                    2.298  7.3500E-15  1.1080E-05  8.1437E-20
                                    2.305  7.3568E-15  1.1191E-05  8.2330E-20
                                    2.311  7.3637E-15  1.1301E-05  8.3217E-20
                                    2.318  7.3705E-15  1.1410E-05  8.4098E-20
                                    2.324  7.3774E-15  1.1518E-05  8.4973E-20
                                    2.331  7.3842E-15  1.1625E-05  8.5842E-20
                                    2.337  7.3911E-15  1.1731E-05  8.6704E-20
                                    2.344  7.3980E-15  1.1836E-05  8.7561E-20
                                    2.350  7.4049E-15  1.1940E-05  8.8412E-20
                                    2.357  7.4117E-15  1.2043E-05  8.9261E-20
                                    2.363  7.4186E-15  1.2147E-05  9.0115E-20
                                    2.370  7.4255E-15  1.2251E-05  9.0973E-20
                                    2.376  7.4324E-15  1.2356E-05  9.1834E-20
                                    2.383  7.4393E-15  1.2461E-05  9.2700E-20
                                    2.389  7.4462E-15  1.2566E-05  9.3569E-20
                                    2.396  7.4531E-15  1.2672E-05  9.4443E-20
                                    2.402  7.4600E-15  1.2777E-05  9.5320E-20
                                    2.409  7.4669E-15  1.2884E-05  9.6202E-20
                                    2.415  7.4739E-15  1.2990E-05  9.7087E-20
                                    2.422  7.4808E-15  1.3097E-05  9.7976E-20
                                    2.428  7.4877E-15  1.3204E-05  9.8870E-20
                                    2.435  7.4946E-15  1.3312E-05  9.9767E-20
                                    2.441  7.5016E-15  1.3420E-05  1.0067E-19
                                    2.448  7.5085E-15  1.3528E-05  1.0157E-19
                                    2.454  7.5154E-15  1.3636E-05  1.0248E-19
                                    2.461  7.5224E-15  1.3746E-05  1.0340E-19
                                    2.467  7.5293E-15  1.3857E-05  1.0433E-19
                                    2.474  7.5363E-15  1.3969E-05  1.0527E-19
                                    2.480  7.5432E-15  1.4082E-05  1.0622E-19
                                    2.487  7.5502E-15  1.4196E-05  1.0718E-19
                                    2.493  7.5571E-15  1.4311E-05  1.0815E-19
                                    2.500  7.5641E-15  1.4427E-05  1.0912E-19
                                    2.506  7.5711E-15  1.4544E-05  1.1011E-19
                                    2.513  7.5780E-15  1.4663E-05  1.1112E-19
                                    2.519  7.5850E-15  1.4784E-05  1.1214E-19
                                    2.526  7.5920E-15  1.4906E-05  1.1317E-19
                                    2.532  7.5989E-15  1.5030E-05  1.1421E-19
                                    2.539  7.6059E-15  1.5156E-05  1.1527E-19
                                    2.545  7.6129E-15  1.5283E-05  1.1635E-19
                                    2.552  7.6199E-15  1.5412E-05  1.1744E-19
                                    2.558  7.6269E-15  1.5542E-05  1.1853E-19
                                    2.565  7.6339E-15  1.5672E-05  1.1964E-19
                                    2.571  7.6409E-15  1.5804E-05  1.2075E-19
                                    2.578  7.6478E-15  1.5936E-05  1.2187E-19
                                    2.584  7.6548E-15  1.6069E-05  1.2300E-19
                                    2.591  7.6618E-15  1.6203E-05  1.2414E-19
                                    2.597  7.6689E-15  1.6337E-05  1.2529E-19
                                    2.604  7.6759E-15  1.6472E-05  1.2644E-19
                                    2.610  7.6829E-15  1.6607E-05  1.2759E-19
                                    2.617  7.6899E-15  1.6742E-05  1.2874E-19
                                    2.623  7.6969E-15  1.6876E-05  1.2989E-19
                                    2.630  7.7039E-15  1.7009E-05  1.3104E-19
                                    2.636  7.7109E-15  1.7143E-05  1.3219E-19
                                    2.643  7.7179E-15  1.7275E-05  1.3333E-19
                                    2.649  7.7250E-15  1.7408E-05  1.3448E-19
                                    2.656  7.7320E-15  1.7540E-05  1.3562E-19
                                    2.662  7.7390E-15  1.7670E-05  1.3675E-19
                                    2.669  7.7461E-15  1.7799E-05  1.3787E-19
                                    2.675  7.7531E-15  1.7927E-05  1.3899E-19
                                    2.682  7.7601E-15  1.8053E-05  1.4010E-19
                                    2.688  7.7672E-15  1.8178E-05  1.4119E-19
                                    2.695  7.7742E-15  1.8302E-05  1.4229E-19
                                    2.701  7.7813E-15  1.8425E-05  1.4337E-19
                                    2.708  7.7883E-15  1.8546E-05  1.4444E-19
                                    2.714  7.7953E-15  1.8666E-05  1.4551E-19
                                    2.721  7.8024E-15  1.8784E-05  1.4656E-19
                                    2.727  7.8094E-15  1.8901E-05  1.4761E-19
                                    2.734  7.8165E-15  1.9017E-05  1.4865E-19
                                    2.740  7.8236E-15  1.9131E-05  1.4968E-19
                                    2.747  7.8306E-15  1.9244E-05  1.5070E-19
                                    2.753  7.8377E-15  1.9356E-05  1.5171E-19
                                    2.760  7.8447E-15  1.9467E-05  1.5271E-19
                                    2.766  7.8518E-15  1.9576E-05  1.5371E-19
                                    2.773  7.8589E-15  1.9685E-05  1.5470E-19
                                    2.779  7.8659E-15  1.9793E-05  1.5569E-19
                                    2.786  7.8730E-15  1.9899E-05  1.5667E-19
                                    2.792  7.8801E-15  2.0005E-05  1.5764E-19
                                    2.799  7.8871E-15  2.0109E-05  1.5861E-19
                                    2.805  7.8942E-15  2.0213E-05  1.5957E-19
                                    2.812  7.9013E-15  2.0317E-05  1.6053E-19
                                    2.818  7.9084E-15  2.0420E-05  1.6149E-19
                                    2.825  7.9155E-15  2.0523E-05  1.6245E-19
                                    2.831  7.9225E-15  2.0625E-05  1.6341E-19
                                    2.838  7.9296E-15  2.0728E-05  1.6436E-19
                                    2.844  7.9367E-15  2.0830E-05  1.6532E-19
                                    2.851  7.9438E-15  2.0931E-05  1.6627E-19
                                    2.857  7.9509E-15  2.1032E-05  1.6723E-19
                                    2.864  7.9580E-15  2.1133E-05  1.6817E-19
                                    2.870  7.9651E-15  2.1232E-05  1.6911E-19
                                    2.877  7.9722E-15  2.1331E-05  1.7005E-19
                                    2.883  7.9793E-15  2.1428E-05  1.7098E-19
                                    2.890  7.9864E-15  2.1525E-05  1.7191E-19
                                    2.896  7.9935E-15  2.1621E-05  1.7283E-19
                                    2.903  8.0006E-15  2.1717E-05  1.7375E-19
                                    2.909  8.0077E-15  2.1811E-05  1.7466E-19
                                    2.916  8.0148E-15  2.1905E-05  1.7556E-19
                                    2.922  8.0219E-15  2.1997E-05  1.7646E-19
                                    2.929  8.0290E-15  2.2089E-05  1.7735E-19
                                    2.935  8.0361E-15  2.2180E-05  1.7824E-19
                                    2.942  8.0432E-15  2.2269E-05  1.7912E-19
                                    2.948  8.0503E-15  2.2358E-05  1.7999E-19
                                    2.955  8.0574E-15  2.2446E-05  1.8086E-19
                                    2.961  8.0646E-15  2.2533E-05  1.8172E-19
                                    2.968  8.0717E-15  2.2619E-05  1.8257E-19
                                    2.974  8.0788E-15  2.2703E-05  1.8341E-19
                                    2.981  8.0859E-15  2.2787E-05  1.8425E-19
                                    2.987  8.0930E-15  2.2869E-05  1.8508E-19
                                    2.994  8.1002E-15  2.2951E-05  1.8590E-19
                                    3.000  8.1073E-15  2.3031E-05  1.8672E-19
                                    3.007  8.1144E-15  2.3110E-05  1.8753E-19
                                    3.013  8.1215E-15  2.3189E-05  1.8833E-19
                                    3.020  8.1287E-15  2.3266E-05  1.8912E-19
                                    3.026  8.1358E-15  2.3343E-05  1.8991E-19
                                    3.033  8.1429E-15  2.3419E-05  1.9070E-19
                                    3.039  8.1501E-15  2.3493E-05  1.9147E-19
                                    3.046  8.1572E-15  2.3567E-05  1.9224E-19
                                    3.052  8.1643E-15  2.3640E-05  1.9301E-19
                                    3.059  8.1715E-15  2.3713E-05  1.9377E-19
                                    3.065  8.1786E-15  2.3787E-05  1.9454E-19
                                    3.072  8.1857E-15  2.3860E-05  1.9532E-19
                                    3.078  8.1929E-15  2.3934E-05  1.9609E-19
                                    3.085  8.2000E-15  2.4008E-05  1.9687E-19
                                    3.091  8.2072E-15  2.4083E-05  1.9765E-19
                                    3.098  8.2143E-15  2.4158E-05  1.9844E-19
                                    3.104  8.2214E-15  2.4232E-05  1.9923E-19
                                    3.111  8.2286E-15  2.4308E-05  2.0002E-19
                                    3.117  8.2357E-15  2.4383E-05  2.0081E-19
                                    3.124  8.2429E-15  2.4458E-05  2.0160E-19
                                    3.130  8.2500E-15  2.4533E-05  2.0240E-19
                                    3.137  8.2572E-15  2.4608E-05  2.0320E-19
                                    3.143  8.2643E-15  2.4684E-05  2.0400E-19
                                    3.150  8.2715E-15  2.4759E-05  2.0480E-19
                                    3.156  8.2786E-15  2.4835E-05  2.0560E-19
                                    3.163  8.2858E-15  2.4910E-05  2.0640E-19
                                    3.169  8.2929E-15  2.4985E-05  2.0720E-19
                                    3.176  8.3001E-15  2.5059E-05  2.0799E-19
                                    3.182  8.3073E-15  2.5133E-05  2.0879E-19
                                    3.189  8.3144E-15  2.5207E-05  2.0958E-19
                                    3.195  8.3216E-15  2.5280E-05  2.1037E-19
                                    3.202  8.3287E-15  2.5353E-05  2.1116E-19
                                    3.208  8.3359E-15  2.5426E-05  2.1194E-19
                                    3.215  8.3431E-15  2.5498E-05  2.1273E-19
                                    3.221  8.3502E-15  2.5570E-05  2.1351E-19
                                    3.228  8.3574E-15  2.5641E-05  2.1429E-19
                                    3.234  8.3646E-15  2.5713E-05  2.1507E-19
                                    3.241  8.3717E-15  2.5784E-05  2.1585E-19
                                    3.247  8.3789E-15  2.5854E-05  2.1663E-19
                                    3.254  8.3861E-15  2.5924E-05  2.1740E-19
                                    3.260  8.3932E-15  2.5995E-05  2.1818E-19
                                    3.267  8.4004E-15  2.6065E-05  2.1896E-19
                                    3.273  8.4076E-15  2.6135E-05  2.1973E-19
                                    3.280  8.4147E-15  2.6206E-05  2.2051E-19
                                    3.286  8.4219E-15  2.6276E-05  2.2129E-19
                                    3.293  8.4291E-15  2.6346E-05  2.2207E-19
                                    3.299  8.4363E-15  2.6417E-05  2.2286E-19
                                    3.306  8.4434E-15  2.6487E-05  2.2364E-19
                                    3.312  8.4506E-15  2.6559E-05  2.2444E-19
                                    3.319  8.4578E-15  2.6631E-05  2.2524E-19
                                    3.325  8.4650E-15  2.6703E-05  2.2604E-19
                                    3.332  8.4721E-15  2.6777E-05  2.2686E-19
                                    3.338  8.4793E-15  2.6851E-05  2.2768E-19
                                    3.345  8.4865E-15  2.6926E-05  2.2851E-19
                                    3.351  8.4937E-15  2.7002E-05  2.2935E-19
                                    3.358  8.5009E-15  2.7078E-05  2.3019E-19
                                    3.364  8.5080E-15  2.7156E-05  2.3104E-19
                                    3.371  8.5152E-15  2.7233E-05  2.3190E-19
                                    3.377  8.5224E-15  2.7312E-05  2.3276E-19
                                    3.384  8.5296E-15  2.7391E-05  2.3363E-19
                                    3.390  8.5368E-15  2.7471E-05  2.3451E-19
                                    3.397  8.5440E-15  2.7551E-05  2.3540E-19
                                    3.403  8.5511E-15  2.7632E-05  2.3629E-19
                                    3.410  8.5583E-15  2.7714E-05  2.3718E-19
                                    3.416  8.5655E-15  2.7796E-05  2.3809E-19
                                    3.423  8.5727E-15  2.7879E-05  2.3900E-19
                                    3.429  8.5799E-15  2.7962E-05  2.3991E-19
                                    3.436  8.5871E-15  2.8046E-05  2.4084E-19
                                    3.442  8.5943E-15  2.8131E-05  2.4176E-19
                                    3.449  8.6015E-15  2.8216E-05  2.4270E-19
                                    3.455  8.6086E-15  2.8301E-05  2.4364E-19
                                    3.462  8.6158E-15  2.8388E-05  2.4459E-19
                                    3.468  8.6230E-15  2.8476E-05  2.4555E-19
                                    3.475  8.6302E-15  2.8565E-05  2.4652E-19
                                    3.481  8.6374E-15  2.8655E-05  2.4751E-19
                                    3.488  8.6446E-15  2.8746E-05  2.4850E-19
                                    3.494  8.6518E-15  2.8838E-05  2.4950E-19
                                    3.501  8.6590E-15  2.8932E-05  2.5052E-19
                                    3.507  8.6662E-15  2.9026E-05  2.5155E-19
                                    3.514  8.6734E-15  2.9123E-05  2.5259E-19
                                    3.520  8.6806E-15  2.9221E-05  2.5366E-19
                                    3.527  8.6878E-15  2.9321E-05  2.5473E-19
                                    3.533  8.6950E-15  2.9422E-05  2.5583E-19
                                    3.540  8.7022E-15  2.9526E-05  2.5694E-19
                                    3.546  8.7094E-15  2.9631E-05  2.5807E-19
                                    3.553  8.7166E-15  2.9738E-05  2.5921E-19
                                    3.559  8.7238E-15  2.9847E-05  2.6038E-19
                                    3.566  8.7310E-15  2.9959E-05  2.6157E-19
                                    3.572  8.7382E-15  3.0073E-05  2.6278E-19
                                    3.579  8.7454E-15  3.0190E-05  2.6402E-19
                                    3.585  8.7526E-15  3.0309E-05  2.6528E-19
                                    3.592  8.7598E-15  3.0431E-05  2.6657E-19
                                    3.598  8.7670E-15  3.0555E-05  2.6788E-19
                                    3.605  8.7742E-15  3.0682E-05  2.6921E-19
                                    3.611  8.7814E-15  3.0811E-05  2.7057E-19
                                    3.618  8.7886E-15  3.0942E-05  2.7194E-19
                                    3.624  8.7958E-15  3.1075E-05  2.7333E-19
                                    3.631  8.8030E-15  3.1210E-05  2.7474E-19
                                    3.637  8.8102E-15  3.1347E-05  2.7617E-19
                                    3.644  8.8174E-15  3.1486E-05  2.7762E-19
                                    3.650  8.8246E-15  3.1626E-05  2.7909E-19
                                    3.657  8.8318E-15  3.1768E-05  2.8057E-19
                                    3.663  8.8390E-15  3.1911E-05  2.8206E-19
                                    3.670  8.8463E-15  3.2055E-05  2.8356E-19
                                    3.676  8.8535E-15  3.2199E-05  2.8507E-19
                                    3.683  8.8607E-15  3.2343E-05  2.8658E-19
                                    3.689  8.8679E-15  3.2489E-05  2.8811E-19
                                    3.696  8.8751E-15  3.2635E-05  2.8964E-19
                                    3.702  8.8823E-15  3.2782E-05  2.9118E-19
                                    3.709  8.8895E-15  3.2930E-05  2.9273E-19
                                    3.715  8.8967E-15  3.3080E-05  2.9430E-19
                                    3.722  8.9039E-15  3.3232E-05  2.9590E-19
                                    3.728  8.9111E-15  3.3386E-05  2.9751E-19
                                    3.735  8.9183E-15  3.3542E-05  2.9914E-19
                                    3.741  8.9256E-15  3.3699E-05  3.0078E-19
                                    3.748  8.9328E-15  3.3858E-05  3.0245E-19
                                    3.754  8.9400E-15  3.4020E-05  3.0414E-19
                                    3.761  8.9472E-15  3.4184E-05  3.0585E-19
                                    3.767  8.9544E-15  3.4350E-05  3.0759E-19
                                    3.774  8.9616E-15  3.4519E-05  3.0935E-19
                                    3.780  8.9688E-15  3.4691E-05  3.1114E-19
                                    3.787  8.9760E-15  3.4865E-05  3.1295E-19
                                    3.793  8.9833E-15  3.5042E-05  3.1480E-19
                                    3.800  8.9905E-15  3.5222E-05  3.1666E-19
                                    3.806  8.9977E-15  3.5404E-05  3.1855E-19
                                    3.813  9.0049E-15  3.5588E-05  3.2047E-19
                                    3.819  9.0121E-15  3.5774E-05  3.2240E-19
                                    3.826  9.0193E-15  3.5962E-05  3.2436E-19
                                    3.832  9.0258E-15  3.6153E-05  3.2631E-19
                                    3.839  9.0329E-15  3.6345E-05  3.2830E-19
                                    3.845  9.0401E-15  3.6539E-05  3.3032E-19
                                    3.852  9.0473E-15  3.6736E-05  3.3236E-19
                                    3.858  9.0545E-15  3.6936E-05  3.3443E-19
                                    3.865  9.0618E-15  3.7139E-05  3.3654E-19
                                    3.871  9.0690E-15  3.7345E-05  3.3868E-19
                                    3.878  9.0762E-15  3.7555E-05  3.4086E-19
                                    3.884  9.0834E-15  3.7769E-05  3.4307E-19
                                    3.891  9.0906E-15  3.7986E-05  3.4531E-19
                                    3.897  9.0978E-15  3.8206E-05  3.4759E-19
                                    3.904  9.1051E-15  3.8431E-05  3.4992E-19
                                    3.910  9.1123E-15  3.8664E-05  3.5232E-19
                                    3.917  9.1195E-15  3.8906E-05  3.5480E-19
                                    3.923  9.1267E-15  3.9157E-05  3.5737E-19
                                    3.930  9.1339E-15  3.9416E-05  3.6002E-19
                                    3.936  9.1411E-15  3.9684E-05  3.6276E-19
                                    3.943  9.1484E-15  3.9962E-05  3.6558E-19
                                    3.949  9.1556E-15  4.0248E-05  3.6849E-19
                                    3.956  8.9138E-15  4.0549E-05  3.6144E-19
                                    3.962  8.8388E-15  4.0874E-05  3.6128E-19
                                    3.969  8.8458E-15  4.1223E-05  3.6465E-19
                                    3.975  8.8527E-15  4.1597E-05  3.6824E-19
                                    3.982  8.8597E-15  4.1995E-05  3.7206E-19
                                    3.988  8.8667E-15  4.2417E-05  3.7610E-19
                                    3.995  8.8736E-15  4.2865E-05  3.8036E-19
                                    4.001  8.8806E-15  4.3336E-05  3.8485E-19
                                    4.008  8.8875E-15  4.3812E-05  3.8938E-19
                                    4.014  8.1024E-15  4.4284E-05  3.5881E-19
                                    4.021  7.7258E-15  4.4750E-05  3.4573E-19
                                    4.027  7.7318E-15  4.5211E-05  3.4956E-19
                                    4.034  7.7379E-15  4.5667E-05  3.5337E-19
                                    4.040  7.7439E-15  4.6118E-05  3.5713E-19
                                    4.047  7.7499E-15  4.6564E-05  3.6086E-19
                                    4.053  7.7560E-15  4.7004E-05  3.6457E-19
                                    4.060  7.7620E-15  4.7442E-05  3.6825E-19
                                    4.066  7.7681E-15  4.7877E-05  3.7191E-19
                                    4.073  7.7741E-15  4.8309E-05  3.7556E-19
                                    4.079  7.7801E-15  4.8737E-05  3.7918E-19
                                    4.086  7.7862E-15  4.9163E-05  3.8280E-19
                                    4.092  7.7922E-15  4.9587E-05  3.8639E-19
                                    4.099  7.7983E-15  5.0007E-05  3.8997E-19
                                    4.105  7.8043E-15  5.0424E-05  3.9353E-19
                                    4.112  7.8103E-15  5.0840E-05  3.9708E-19
                                    4.118  7.8164E-15  5.1255E-05  4.0063E-19
                                    4.125  7.8224E-15  5.1667E-05  4.0416E-19
                                    4.131  7.8285E-15  5.2078E-05  4.0769E-19
                                    4.138  7.8345E-15  5.2487E-05  4.1121E-19
                                    4.144  7.8406E-15  5.2895E-05  4.1473E-19
                                    4.151  7.8466E-15  5.3301E-05  4.1823E-19
                                    4.157  7.8526E-15  5.3704E-05  4.2172E-19
                                    4.164  7.8587E-15  5.4106E-05  4.2520E-19
                                    4.170  7.8647E-15  5.4505E-05  4.2867E-19
                                    4.177  7.8708E-15  5.4902E-05  4.3212E-19
                                    4.183  7.8768E-15  5.5297E-05  4.3556E-19
                                    4.190  7.8828E-15  5.5689E-05  4.3899E-19
                                    4.196  7.8889E-15  5.6079E-05  4.4240E-19
                                    4.203  7.8949E-15  5.6468E-05  4.4581E-19
                                    4.209  7.9010E-15  5.6856E-05  4.4922E-19
                                    4.216  7.9070E-15  5.7246E-05  4.5265E-19
                                    4.222  7.9131E-15  5.7637E-05  4.5609E-19
                                    4.229  7.9191E-15  5.8030E-05  4.5954E-19
                                    4.235  7.9251E-15  5.8423E-05  4.6301E-19
                                    4.242  7.9312E-15  5.8818E-05  4.6650E-19
                                    4.248  7.9372E-15  5.9214E-05  4.7000E-19
                                    4.255  7.9433E-15  5.9611E-05  4.7351E-19
                                    4.261  7.9493E-15  6.0009E-05  4.7703E-19
                                    4.268  7.9553E-15  6.0408E-05  4.8057E-19
                                    4.274  7.9614E-15  6.0808E-05  4.8411E-19
                                    4.281  7.9674E-15  6.1208E-05  4.8767E-19
                                    4.287  7.9735E-15  6.1609E-05  4.9124E-19
                                    4.294  7.9795E-15  6.2012E-05  4.9482E-19
                                    4.300  7.9855E-15  6.2414E-05  4.9841E-19
                                    4.307  7.9916E-15  6.2818E-05  5.0202E-19
                                    4.313  7.9976E-15  6.3222E-05  5.0562E-19
                                    4.320  8.0037E-15  6.3626E-05  5.0924E-19
                                    4.326  8.0097E-15  6.4030E-05  5.1286E-19
                                    4.333  8.0158E-15  6.4435E-05  5.1649E-19
                                    4.339  8.0218E-15  6.4840E-05  5.2013E-19
                                    4.346  8.0278E-15  6.5245E-05  5.2378E-19
                                    4.352  8.0339E-15  6.5651E-05  5.2743E-19
                                    4.359  8.0399E-15  6.6057E-05  5.3109E-19
                                    4.365  8.0460E-15  6.6463E-05  5.3476E-19
                                    4.372  8.0520E-15  6.6870E-05  5.3844E-19
                                    4.378  8.0580E-15  6.7278E-05  5.4213E-19
                                    4.385  8.0641E-15  6.7685E-05  5.4582E-19
                                    4.391  8.0701E-15  6.8093E-05  5.4952E-19
                                    4.398  8.0762E-15  6.8502E-05  5.5323E-19
                                    4.404  8.0822E-15  6.8911E-05  5.5695E-19
                                    4.411  8.0882E-15  6.9321E-05  5.6068E-19
                                    4.417  8.0943E-15  6.9732E-05  5.6443E-19
                                    4.424  8.1003E-15  7.0145E-05  5.6820E-19
                                    4.430  8.1064E-15  7.0559E-05  5.7198E-19
                                    4.437  8.1124E-15  7.0974E-05  5.7577E-19
                                    4.443  8.1184E-15  7.1390E-05  5.7958E-19
                                    4.450  8.1245E-15  7.1808E-05  5.8340E-19
                                    4.456  8.1305E-15  7.2227E-05  5.8724E-19
                                    4.463  8.1366E-15  7.2646E-05  5.9109E-19
                                    4.469  8.1426E-15  7.3066E-05  5.9495E-19
                                    4.476  8.1486E-15  7.3487E-05  5.9882E-19
                                    4.482  8.1547E-15  7.3909E-05  6.0271E-19
                                    4.489  8.1607E-15  7.4332E-05  6.0660E-19
                                    4.495  8.1668E-15  7.4756E-05  6.1051E-19
                                    4.502  8.1728E-15  7.5180E-05  6.1443E-19
                                    4.508  8.1788E-15  7.5604E-05  6.1835E-19
                                    4.515  8.1849E-15  7.6027E-05  6.2227E-19
                                    4.521  8.1909E-15  7.6449E-05  6.2619E-19
                                    4.528  8.1970E-15  7.6871E-05  6.3011E-19
                                    4.534  8.2030E-15  7.7291E-05  6.3402E-19
                                    4.541  8.2090E-15  7.7711E-05  6.3793E-19
                                    4.547  8.2151E-15  7.8129E-05  6.4184E-19
                                    4.554  8.2211E-15  7.8547E-05  6.4574E-19
                                    4.560  8.2272E-15  7.8964E-05  6.4965E-19
                                    4.567  8.2332E-15  7.9379E-05  6.5354E-19
                                    4.573  8.2392E-15  7.9793E-05  6.5743E-19
                                    4.580  8.2453E-15  8.0205E-05  6.6131E-19
                                    4.586  8.2513E-15  8.0617E-05  6.6519E-19
                                    4.593  8.2573E-15  8.1027E-05  6.6906E-19
                                    4.599  8.2634E-15  8.1435E-05  6.7293E-19
                                    4.606  8.2694E-15  8.1843E-05  6.7679E-19
                                    4.612  8.2755E-15  8.2248E-05  6.8064E-19
                                    4.619  8.2815E-15  8.2652E-05  6.8448E-19
                                    4.625  8.2875E-15  8.3054E-05  6.8831E-19
                                    4.632  8.2936E-15  8.3455E-05  6.9214E-19
                                    4.638  8.2996E-15  8.3853E-05  6.9595E-19
                                    4.645  8.3056E-15  8.4250E-05  6.9975E-19
                                    4.651  8.3117E-15  8.4645E-05  7.0355E-19
                                    4.658  8.3177E-15  8.5040E-05  7.0734E-19
                                    4.664  8.3237E-15  8.5434E-05  7.1113E-19
                                    4.671  8.3298E-15  8.5828E-05  7.1493E-19
                                    4.677  8.3358E-15  8.6222E-05  7.1873E-19
                                    4.684  8.3419E-15  8.6616E-05  7.2254E-19
                                    4.690  8.3479E-15  8.7010E-05  7.2635E-19
                                    4.697  8.3539E-15  8.7403E-05  7.3016E-19
                                    4.703  8.3600E-15  8.7796E-05  7.3397E-19
                                    4.710  8.3660E-15  8.8192E-05  7.3781E-19
                                    4.716  8.3720E-15  8.8590E-05  7.4168E-19
                                    4.723  8.3781E-15  8.8990E-05  7.4557E-19
                                    4.729  8.3841E-15  8.9393E-05  7.4948E-19
                                    4.736  8.3901E-15  8.9799E-05  7.5343E-19
                                    4.742  8.3962E-15  9.0207E-05  7.5740E-19
                                    4.749  8.4022E-15  9.0618E-05  7.6139E-19
                                    4.755  8.4082E-15  9.1031E-05  7.6541E-19
                                    4.762  8.4143E-15  9.1447E-05  7.6946E-19
                                    4.768  8.4203E-15  9.1865E-05  7.7353E-19
                                    4.775  8.4263E-15  9.2286E-05  7.7764E-19
                                    4.781  8.4324E-15  9.2710E-05  7.8176E-19
                                    4.788  8.4384E-15  9.3136E-05  7.8592E-19
                                    4.794  8.4444E-15  9.3565E-05  7.9010E-19
                                    4.801  8.4505E-15  9.3997E-05  7.9432E-19
                                    4.807  8.4565E-15  9.4431E-05  7.9855E-19
                                    4.814  8.4625E-15  9.4868E-05  8.0282E-19
                                    4.820  8.4686E-15  9.5307E-05  8.0712E-19
                                    4.827  8.4746E-15  9.5750E-05  8.1144E-19
                                    4.833  8.4806E-15  9.6195E-05  8.1579E-19
                                    4.840  8.4867E-15  9.6642E-05  8.2017E-19
                                    4.846  8.4927E-15  9.7093E-05  8.2458E-19
                                    4.853  8.4987E-15  9.7546E-05  8.2902E-19
                                    4.859  8.5048E-15  9.8005E-05  8.3351E-19
                                    4.866  8.5108E-15  9.8470E-05  8.3805E-19
                                    4.872  8.5168E-15  9.8941E-05  8.4266E-19
                                    4.878  8.5229E-15  9.9418E-05  8.4732E-19
                                    4.885  8.5289E-15  9.9901E-05  8.5204E-19
                                    4.891  8.5349E-15  1.0039E-04  8.5682E-19
                                    4.898  8.5409E-15  1.0089E-04  8.6166E-19
                                    4.904  8.5470E-15  1.0139E-04  8.6655E-19
                                    4.911  8.5530E-15  1.0189E-04  8.7146E-19
                                    4.917  8.5590E-15  1.0240E-04  8.7640E-19
                                    4.924  8.5651E-15  1.0290E-04  8.8137E-19
                                    4.930  8.5711E-15  1.0341E-04  8.8637E-19
                                    4.937  8.5771E-15  1.0393E-04  8.9139E-19
                                    4.943  8.5831E-15  1.0444E-04  8.9644E-19
                                    4.950  8.5892E-15  1.0496E-04  9.0152E-19
                                    4.956  8.5952E-15  1.0548E-04  9.0662E-19
                                    4.963  8.6012E-15  1.0600E-04  9.1174E-19
                                    4.969  8.6073E-15  1.0652E-04  9.1687E-19
                                    4.976  8.6133E-15  1.0705E-04  9.2201E-19
                                    4.982  8.6193E-15  1.0757E-04  9.2717E-19
                                    4.989  8.6253E-15  1.0809E-04  9.3235E-19
                                    4.995  8.6314E-15  1.0862E-04  9.3754E-19
                                    5.002  8.6374E-15  1.0915E-04  9.4275E-19
                                    5.008  8.6434E-15  1.0968E-04  9.4799E-19
                                    5.015  8.6494E-15  1.1021E-04  9.5328E-19
                                    5.021  8.6555E-15  1.1075E-04  9.5859E-19
                                    5.028  8.6615E-15  1.1129E-04  9.6395E-19
                                    5.034  8.6675E-15  1.1184E-04  9.6934E-19
                                    5.041  8.6735E-15  1.1238E-04  9.7477E-19
                                    5.047  8.6795E-15  1.1294E-04  9.8023E-19
                                    5.054  8.6854E-15  1.1349E-04  9.8572E-19
                                    5.060  8.6914E-15  1.1404E-04  9.9121E-19
                                    5.067  8.6975E-15  1.1459E-04  9.9668E-19
                                    5.073  8.7035E-15  1.1514E-04  1.0021E-18
                                    5.080  8.7095E-15  1.1569E-04  1.0076E-18
                                    5.086  8.7155E-15  1.1623E-04  1.0130E-18
                                    5.093  8.7216E-15  1.1677E-04  1.0184E-18
                                    5.099  8.7276E-15  1.1731E-04  1.0238E-18
                                    5.106  8.7336E-15  1.1784E-04  1.0292E-18
                                    5.112  8.7396E-15  1.1838E-04  1.0346E-18
                                    5.119  8.7457E-15  1.1892E-04  1.0400E-18
                                    5.125  8.7517E-15  1.1946E-04  1.0455E-18
                                    5.132  8.7577E-15  1.2000E-04  1.0509E-18
                                    5.138  8.7633E-15  1.2054E-04  1.0564E-18
                                    5.145  8.7691E-15  1.2109E-04  1.0618E-18
                                    5.151  8.7751E-15  1.2164E-04  1.0674E-18
                                    5.158  8.7811E-15  1.2218E-04  1.0729E-18
                                    5.164  8.7870E-15  1.2274E-04  1.0785E-18
                                    5.171  8.7923E-15  1.2329E-04  1.0840E-18
                                    5.177  8.7950E-15  1.2385E-04  1.0893E-18
                                    5.184  8.8010E-15  1.2441E-04  1.0950E-18
                                    5.190  8.8070E-15  1.2498E-04  1.1007E-18
                                    5.197  8.8130E-15  1.2555E-04  1.1065E-18
                                    5.203  8.8191E-15  1.2612E-04  1.1123E-18
                                    5.210  8.8225E-15  1.2670E-04  1.1178E-18
                                    5.216  8.8236E-15  1.2728E-04  1.1231E-18
                                    5.223  8.8296E-15  1.2787E-04  1.1290E-18
                                    5.229  8.8356E-15  1.2846E-04  1.1350E-18
                                    5.236  8.8416E-15  1.2905E-04  1.1410E-18
                                    5.242  8.8476E-15  1.2965E-04  1.1470E-18
                                    5.249  8.8536E-15  1.3025E-04  1.1531E-18
                                    5.255  8.8596E-15  1.3085E-04  1.1593E-18
                                    5.262  8.8656E-15  1.3145E-04  1.1654E-18
                                    5.268  8.8716E-15  1.3206E-04  1.1716E-18
                                    5.275  8.8776E-15  1.3266E-04  1.1777E-18
                                    5.281  8.8836E-15  1.3327E-04  1.1839E-18
                                    5.288  8.8896E-15  1.3387E-04  1.1901E-18
                                    5.294  8.8957E-15  1.3448E-04  1.1963E-18
                                    5.301  8.9017E-15  1.3508E-04  1.2025E-18
                                    5.307  8.9077E-15  1.3569E-04  1.2087E-18
                                    5.314  8.9137E-15  1.3630E-04  1.2149E-18
                                    5.320  8.9197E-15  1.3691E-04  1.2212E-18
                                    5.327  8.9257E-15  1.3752E-04  1.2275E-18
                                    5.333  8.9317E-15  1.3813E-04  1.2337E-18
                                    5.340  8.7186E-15  1.3874E-04  1.2096E-18
                                    5.346  8.4487E-15  1.3935E-04  1.1774E-18
                                    5.353  8.4544E-15  1.3997E-04  1.1833E-18
                                    5.359  8.4600E-15  1.4058E-04  1.1893E-18
                                    5.366  8.4657E-15  1.4120E-04  1.1953E-18
                                    5.372  8.4714E-15  1.4181E-04  1.2014E-18
                                    5.379  8.4771E-15  1.4243E-04  1.2074E-18
                                    5.385  8.4827E-15  1.4305E-04  1.2135E-18
                                    5.392  8.4884E-15  1.4367E-04  1.2196E-18
                                    5.398  8.4941E-15  1.4429E-04  1.2257E-18
                                    5.405  8.4997E-15  1.4492E-04  1.2318E-18
                                    5.411  8.5054E-15  1.4554E-04  1.2379E-18
                                    5.418  8.5111E-15  1.4617E-04  1.2441E-18
                                    5.424  7.6525E-15  1.4680E-04  1.1234E-18
                                    5.431  7.2635E-15  1.4743E-04  1.0709E-18
                                    5.437  7.2684E-15  1.4806E-04  1.0762E-18
                                    5.444  7.2732E-15  1.4869E-04  1.0815E-18
                                    5.450  7.2161E-15  1.4933E-04  1.0776E-18
                                    5.457  7.1965E-15  1.4997E-04  1.0792E-18
                                    5.463  7.2012E-15  1.5060E-04  1.0845E-18
                                    5.470  7.2060E-15  1.5124E-04  1.0899E-18
                                    5.476  7.2108E-15  1.5188E-04  1.0952E-18
                                    5.483  7.2155E-15  1.5252E-04  1.1005E-18
                                    5.489  7.2203E-15  1.5317E-04  1.1059E-18
                                    5.496  7.2251E-15  1.5381E-04  1.1113E-18
                                    5.502  7.2298E-15  1.5445E-04  1.1167E-18
                                    5.509  7.2346E-15  1.5511E-04  1.1222E-18
                                    5.515  7.2394E-15  1.5578E-04  1.1277E-18
                                    5.522  7.2441E-15  1.5646E-04  1.1334E-18
                                    5.528  7.2489E-15  1.5716E-04  1.1392E-18
                                    5.535  7.2537E-15  1.5787E-04  1.1451E-18
                                    5.541  7.2585E-15  1.5859E-04  1.1511E-18
                                    5.548  7.2632E-15  1.5933E-04  1.1572E-18
                                    5.554  7.2680E-15  1.6007E-04  1.1634E-18
                                    5.561  7.2728E-15  1.6081E-04  1.1696E-18
                                    5.567  7.2775E-15  1.6154E-04  1.1756E-18
                                    5.574  7.2823E-15  1.6226E-04  1.1816E-18
                                    5.580  7.2871E-15  1.6297E-04  1.1876E-18
                                    5.587  7.2918E-15  1.6367E-04  1.1934E-18
                                    5.593  7.2966E-15  1.6436E-04  1.1993E-18
                                    5.600  7.3014E-15  1.6504E-04  1.2050E-18
                                    5.606  7.3051E-15  1.6571E-04  1.2105E-18
                                    5.613  7.3083E-15  1.6639E-04  1.2160E-18
                                    5.619  7.3131E-15  1.6707E-04  1.2218E-18
                                    5.626  7.3177E-15  1.6774E-04  1.2275E-18
                                    5.632  7.3223E-15  1.6842E-04  1.2332E-18
                                    5.639  7.3271E-15  1.6910E-04  1.2390E-18
                                    5.645  7.3318E-15  1.6978E-04  1.2448E-18
                                    5.652  7.3366E-15  1.7046E-04  1.2506E-18
                                    5.658  7.3413E-15  1.7115E-04  1.2564E-18
                                    5.665  7.3461E-15  1.7183E-04  1.2623E-18
                                    5.671  7.3509E-15  1.7252E-04  1.2682E-18
                                    5.678  7.3556E-15  1.7321E-04  1.2741E-18
                                    5.684  6.8259E-15  1.7391E-04  1.1871E-18
                                    5.691  5.6485E-15  1.7460E-04  9.8623E-19
                                    5.697  5.6521E-15  1.7530E-04  9.9083E-19
                                    5.704  5.6558E-15  1.7600E-04  9.9544E-19
                                    5.710  5.6594E-15  1.7671E-04  1.0001E-18
                                    5.717  5.6631E-15  1.7742E-04  1.0047E-18
                                    5.723  5.6667E-15  1.7813E-04  1.0094E-18
                                    5.730  5.6704E-15  1.7884E-04  1.0141E-18
                                    5.736  5.6740E-15  1.7955E-04  1.0188E-18
                                    5.743  5.6777E-15  1.8027E-04  1.0235E-18
                                    5.749  5.6806E-15  1.8099E-04  1.0281E-18
                                    5.756  5.6837E-15  1.8171E-04  1.0328E-18
                                    5.762  5.6873E-15  1.8243E-04  1.0375E-18
                                    5.769  5.6887E-15  1.8315E-04  1.0419E-18
                                    5.775  5.6907E-15  1.8388E-04  1.0464E-18
                                    5.782  5.6943E-15  1.8460E-04  1.0512E-18
                                    5.788  5.6980E-15  1.8533E-04  1.0560E-18
                                    5.795  5.7016E-15  1.8606E-04  1.0608E-18
                                    5.801  5.7053E-15  1.8679E-04  1.0657E-18
                                    5.808  5.7089E-15  1.8752E-04  1.0705E-18
                                    5.814  5.7126E-15  1.8826E-04  1.0754E-18
                                    5.821  5.7162E-15  1.8900E-04  1.0803E-18
                                    5.827  5.7198E-15  1.8974E-04  1.0853E-18
                                    5.834  5.7235E-15  1.9049E-04  1.0903E-18
                                    5.840  5.7271E-15  1.9124E-04  1.0953E-18
                                    5.847  5.7308E-15  1.9200E-04  1.1003E-18
                                    5.853  5.7344E-15  1.9275E-04  1.1053E-18
                                    5.860  5.7381E-15  1.9350E-04  1.1103E-18
                                    5.866  5.7417E-15  1.9424E-04  1.1153E-18
                                    5.873  5.7453E-15  1.9497E-04  1.1202E-18
                                    5.879  5.7490E-15  1.9569E-04  1.1250E-18
                                    5.886  5.7526E-15  1.9639E-04  1.1298E-18
                                    5.892  5.7563E-15  1.9709E-04  1.1345E-18
                                    5.899  5.7599E-15  1.9777E-04  1.1392E-18
                                    5.905  5.7636E-15  1.9845E-04  1.1438E-18
                                    5.912  5.7672E-15  1.9913E-04  1.1484E-18
                                    5.918  5.7708E-15  1.9981E-04  1.1531E-18
                                    5.925  5.7745E-15  2.0049E-04  1.1577E-18
                                    5.931  5.7781E-15  2.0117E-04  1.1624E-18
                                    5.938  5.7818E-15  2.0185E-04  1.1671E-18
                                    5.944  5.7854E-15  2.0254E-04  1.1718E-18
                                    5.951  5.7891E-15  2.0322E-04  1.1764E-18
                                    5.957  5.7927E-15  2.0390E-04  1.1811E-18
                                    5.964  5.7963E-15  2.0459E-04  1.1859E-18
                                    5.970  5.8000E-15  2.0527E-04  1.1906E-18
                                    5.977  5.8036E-15  2.0596E-04  1.1953E-18
                                    5.983  5.8072E-15  2.0664E-04  1.2000E-18
                                    5.990  5.8109E-15  2.0733E-04  1.2048E-18
                                    5.996  5.8145E-15  2.0801E-04  1.2095E-18
                                    6.003  5.8181E-15  2.0870E-04  1.2142E-18
                                    6.009  5.8218E-15  2.0939E-04  1.2190E-18
                                    6.016  5.8254E-15  2.1007E-04  1.2237E-18
                                    6.022  5.8290E-15  2.1075E-04  1.2285E-18
                                    6.029  5.8327E-15  2.1144E-04  1.2332E-18
                                    6.035  5.8363E-15  2.1212E-04  1.2380E-18
                                    6.042  5.8400E-15  2.1280E-04  1.2427E-18
                                    6.048  5.8313E-15  2.1348E-04  1.2449E-18
                                    6.055  5.6769E-15  2.1416E-04  1.2158E-18
                                    6.061  5.6805E-15  2.1484E-04  1.2204E-18
                                    6.068  5.6840E-15  2.1552E-04  1.2250E-18
                                    6.074  5.6875E-15  2.1619E-04  1.2296E-18
                                    6.081  5.6911E-15  2.1687E-04  1.2342E-18
                                    6.087  5.6909E-15  2.1755E-04  1.2380E-18
                                    6.094  5.6316E-15  2.1822E-04  1.2290E-18
                                    6.100  5.6351E-15  2.1890E-04  1.2335E-18
                                    6.107  5.6386E-15  2.1958E-04  1.2381E-18
                                    6.113  5.6421E-15  2.2025E-04  1.2427E-18
                                    6.120  5.6456E-15  2.2093E-04  1.2473E-18
                                    6.126  5.6491E-15  2.2161E-04  1.2519E-18
                                    6.133  5.6525E-15  2.2228E-04  1.2565E-18
                                    6.139  5.6560E-15  2.2296E-04  1.2611E-18
                                    6.146  5.6595E-15  2.2364E-04  1.2657E-18
                                    6.152  5.6630E-15  2.2432E-04  1.2703E-18
                                    6.159  5.6665E-15  2.2500E-04  1.2749E-18
                                    6.165  5.6700E-15  2.2568E-04  1.2796E-18
                                    6.172  5.6735E-15  2.2636E-04  1.2842E-18
                                    6.178  5.6769E-15  2.2704E-04  1.2889E-18
                                    6.185  5.6804E-15  2.2772E-04  1.2935E-18
                                    6.191  5.6839E-15  2.2840E-04  1.2982E-18
                                    6.198  5.6874E-15  2.2908E-04  1.3029E-18
                                    6.204  5.6909E-15  2.2976E-04  1.3076E-18
                                    6.211  5.6944E-15  2.3045E-04  1.3122E-18
                                    6.217  5.6979E-15  2.3113E-04  1.3169E-18
                                    6.224  5.7013E-15  2.3181E-04  1.3217E-18
                                    6.230  5.7048E-15  2.3250E-04  1.3264E-18
                                    6.237  5.7083E-15  2.3318E-04  1.3311E-18
                                    6.243  5.7118E-15  2.3387E-04  1.3358E-18
                                    6.250  5.7153E-15  2.3456E-04  1.3406E-18
                                    6.256  5.7188E-15  2.3525E-04  1.3453E-18
                                    6.263  5.7223E-15  2.3593E-04  1.3501E-18
                                    6.269  5.7257E-15  2.3662E-04  1.3548E-18
                                    6.276  5.7292E-15  2.3731E-04  1.3596E-18
                                    6.282  5.7327E-15  2.3800E-04  1.3644E-18
                                    6.289  4.6302E-15  2.3869E-04  1.1052E-18
                                    6.295  3.8124E-15  2.3938E-04  9.1261E-19
                                    6.302  3.8148E-15  2.4006E-04  9.1579E-19
                                    6.308  3.8171E-15  2.4075E-04  9.1897E-19
                                    6.315  3.8194E-15  2.4144E-04  9.2215E-19
                                    6.321  3.8217E-15  2.4213E-04  9.2534E-19
                                    6.328  3.8240E-15  2.4281E-04  9.2852E-19
                                    6.334  3.8263E-15  2.4350E-04  9.3170E-19
                                    6.341  3.8286E-15  2.4418E-04  9.3489E-19
                                    6.347  3.8309E-15  2.4487E-04  9.3807E-19
                                    6.354  3.8333E-15  2.4555E-04  9.4125E-19
                                    6.360  3.8356E-15  2.4623E-04  9.4444E-19
                                    6.367  3.8379E-15  2.4692E-04  9.4763E-19
                                    6.373  3.8402E-15  2.4760E-04  9.5083E-19
                                    6.380  3.8425E-15  2.4828E-04  9.5403E-19
                                    6.386  3.8448E-15  2.4897E-04  9.5724E-19
                                    6.393  3.8471E-15  2.4965E-04  9.6045E-19
                                    6.399  3.8494E-15  2.5034E-04  9.6366E-19
                                    6.406  3.8518E-15  2.5102E-04  9.6688E-19
                                    6.412  3.8541E-15  2.5171E-04  9.7011E-19
                                    6.419  3.8564E-15  2.5240E-04  9.7335E-19
                                    6.425  3.8587E-15  2.5309E-04  9.7660E-19
                                    6.432  3.8610E-15  2.5378E-04  9.7985E-19
                                    6.438  3.8633E-15  2.5448E-04  9.8311E-19
                                    6.445  3.8656E-15  2.5517E-04  9.8639E-19
                                    6.451  3.8679E-15  2.5587E-04  9.8967E-19
                                    6.458  3.8702E-15  2.5656E-04  9.9295E-19
                                    6.464  3.8725E-15  2.5726E-04  9.9624E-19
                                    6.471  3.8748E-15  2.5796E-04  9.9954E-19
                                    6.477  3.8772E-15  2.5865E-04  1.0028E-18
                                    6.484  3.8795E-15  2.5935E-04  1.0061E-18
                                    6.490  3.8818E-15  2.6005E-04  1.0094E-18
                                    6.497  3.8841E-15  2.6075E-04  1.0128E-18
+                                                                  __________
                                                       Total:      4.1442E-16

