SOURCES 4C Calculation
<<<<<<<<<<<>>>>>>>>>>>



                          Neutron Source Magnitudes
                          ~~~~~~~~~~~~~~~~~~~~~~~~~

Title: Copper on He interface problem InterfaceProblem: N. Abgrall et al., Nucl. Ins



1                              Table I
                               =======

            (alpha,n) Neutron Production by Target and Alpha Energy


                 target            alpha   alphas/sec     p(e)     neuts/sec
       target  atom frac.          energy     /cm^2    neut/alpha    /cm^2
+      ______  __________  ______  ______  __________  __________  __________
       be  9   1.0000E+00           0.004  1.5304E-14  0.0000E+00  0.0000E+00
                                    0.011  7.2157E-15  0.0000E+00  0.0000E+00
                                    0.017  5.5383E-15  0.0000E+00  0.0000E+00
                                    0.024  4.6671E-15  0.0000E+00  0.0000E+00
                                    0.030  4.1082E-15  0.0000E+00  0.0000E+00
                                    0.037  3.7103E-15  0.0000E+00  0.0000E+00
                                    0.043  3.4085E-15  0.0000E+00  0.0000E+00
                                    0.050  3.1696E-15  0.0000E+00  0.0000E+00
                                    0.056  2.9745E-15  0.0000E+00  0.0000E+00
                                    0.063  2.8114E-15  0.0000E+00  0.0000E+00
                                    0.069  2.6725E-15  0.0000E+00  0.0000E+00
                                    0.076  2.5523E-15  0.0000E+00  0.0000E+00
                                    0.082  2.4472E-15  0.0000E+00  0.0000E+00
                                    0.089  2.3543E-15  0.0000E+00  0.0000E+00
                                    0.095  2.2714E-15  0.0000E+00  0.0000E+00
                                    0.102  2.1969E-15  0.0000E+00  0.0000E+00
                                    0.108  2.1295E-15  0.0000E+00  0.0000E+00
                                    0.115  2.0682E-15  0.0000E+00  0.0000E+00
                                    0.121  2.0122E-15  0.0000E+00  0.0000E+00
                                    0.128  1.9607E-15  0.0000E+00  0.0000E+00
                                    0.134  1.9133E-15  0.0000E+00  0.0000E+00
                                    0.141  1.8693E-15  0.0000E+00  0.0000E+00
                                    0.147  1.8285E-15  0.0000E+00  0.0000E+00
                                    0.154  1.7906E-15  0.0000E+00  0.0000E+00
                                    0.160  1.7551E-15  0.0000E+00  0.0000E+00
                                    0.167  1.7219E-15  0.0000E+00  0.0000E+00
                                    0.173  1.6907E-15  0.0000E+00  0.0000E+00
                                    0.180  1.6615E-15  0.0000E+00  0.0000E+00
                                    0.186  1.6339E-15  0.0000E+00  0.0000E+00
                                    0.193  1.6079E-15  0.0000E+00  0.0000E+00
                                    0.199  1.5833E-15  0.0000E+00  0.0000E+00
                                    0.206  1.5600E-15  0.0000E+00  0.0000E+00
                                    0.212  1.5379E-15  0.0000E+00  0.0000E+00
                                    0.219  1.5170E-15  0.0000E+00  0.0000E+00
                                    0.225  1.4971E-15  0.0000E+00  0.0000E+00
                                    0.232  1.4782E-15  0.0000E+00  0.0000E+00
                                    0.238  1.4601E-15  0.0000E+00  0.0000E+00
                                    0.245  1.4430E-15  0.0000E+00  0.0000E+00
                                    0.251  1.4266E-15  0.0000E+00  0.0000E+00
                                    0.258  1.4109E-15  0.0000E+00  0.0000E+00
                                    0.264  1.3959E-15  0.0000E+00  0.0000E+00
                                    0.271  1.3816E-15  0.0000E+00  0.0000E+00
                                    0.277  1.3679E-15  0.0000E+00  0.0000E+00
                                    0.284  1.3548E-15  0.0000E+00  0.0000E+00
                                    0.290  1.3422E-15  0.0000E+00  0.0000E+00
                                    0.297  1.3301E-15  0.0000E+00  0.0000E+00
                                    0.303  1.3185E-15  0.0000E+00  0.0000E+00
                                    0.310  1.3074E-15  0.0000E+00  0.0000E+00
                                    0.316  1.2967E-15  0.0000E+00  0.0000E+00
                                    0.323  1.2864E-15  0.0000E+00  0.0000E+00
                                    0.329  1.2765E-15  0.0000E+00  0.0000E+00
                                    0.336  1.2670E-15  0.0000E+00  0.0000E+00
                                    0.342  1.2579E-15  0.0000E+00  0.0000E+00
                                    0.349  1.2491E-15  0.0000E+00  0.0000E+00
                                    0.355  1.2406E-15  0.0000E+00  0.0000E+00
                                    0.362  1.2325E-15  0.0000E+00  0.0000E+00
                                    0.368  1.2246E-15  0.0000E+00  0.0000E+00
                                    0.375  1.2170E-15  0.0000E+00  0.0000E+00
                                    0.381  1.2097E-15  0.0000E+00  0.0000E+00
                                    0.388  1.2026E-15  0.0000E+00  0.0000E+00
                                    0.394  1.1958E-15  0.0000E+00  0.0000E+00
                                    0.401  1.1893E-15  0.0000E+00  0.0000E+00
                                    0.407  1.1829E-15  0.0000E+00  0.0000E+00
                                    0.414  1.1768E-15  0.0000E+00  0.0000E+00
                                    0.420  1.1709E-15  0.0000E+00  0.0000E+00
                                    0.427  1.1652E-15  0.0000E+00  0.0000E+00
                                    0.433  1.1597E-15  0.0000E+00  0.0000E+00
                                    0.440  1.1544E-15  0.0000E+00  0.0000E+00
                                    0.446  1.1492E-15  0.0000E+00  0.0000E+00
                                    0.453  1.1443E-15  0.0000E+00  0.0000E+00
                                    0.459  1.1395E-15  0.0000E+00  0.0000E+00
                                    0.466  1.1349E-15  0.0000E+00  0.0000E+00
                                    0.472  1.1304E-15  0.0000E+00  0.0000E+00
                                    0.479  1.1261E-15  0.0000E+00  0.0000E+00
                                    0.485  1.1219E-15  0.0000E+00  0.0000E+00
                                    0.492  1.1178E-15  0.0000E+00  0.0000E+00
                                    0.498  1.1139E-15  0.0000E+00  0.0000E+00
                                    0.505  1.1102E-15  0.0000E+00  0.0000E+00
                                    0.511  1.1065E-15  0.0000E+00  0.0000E+00
                                    0.518  1.1030E-15  0.0000E+00  0.0000E+00
                                    0.524  1.0996E-15  0.0000E+00  0.0000E+00
                                    0.531  1.0963E-15  0.0000E+00  0.0000E+00
                                    0.537  1.0932E-15  0.0000E+00  0.0000E+00
                                    0.544  1.0901E-15  0.0000E+00  0.0000E+00
                                    0.550  1.0871E-15  0.0000E+00  0.0000E+00
                                    0.557  1.0843E-15  0.0000E+00  0.0000E+00
                                    0.563  1.0815E-15  0.0000E+00  0.0000E+00
                                    0.570  1.0789E-15  0.0000E+00  0.0000E+00
                                    0.576  1.0763E-15  0.0000E+00  0.0000E+00
                                    0.583  1.0738E-15  0.0000E+00  0.0000E+00
                                    0.589  1.0714E-15  0.0000E+00  0.0000E+00
                                    0.596  1.0691E-15  0.0000E+00  0.0000E+00
                                    0.602  1.0669E-15  0.0000E+00  0.0000E+00
                                    0.609  1.0647E-15  0.0000E+00  0.0000E+00
                                    0.615  1.0626E-15  0.0000E+00  0.0000E+00
                                    0.622  1.0606E-15  0.0000E+00  0.0000E+00
                                    0.628  1.0587E-15  0.0000E+00  0.0000E+00
                                    0.635  1.0569E-15  0.0000E+00  0.0000E+00
                                    0.641  1.0551E-15  0.0000E+00  0.0000E+00
                                    0.648  1.0534E-15  0.0000E+00  0.0000E+00
                                    0.654  1.0517E-15  0.0000E+00  0.0000E+00
                                    0.661  1.0501E-15  0.0000E+00  0.0000E+00
                                    0.667  1.0486E-15  0.0000E+00  0.0000E+00
                                    0.674  1.0471E-15  0.0000E+00  0.0000E+00
                                    0.680  1.0457E-15  0.0000E+00  0.0000E+00
                                    0.687  1.0444E-15  0.0000E+00  0.0000E+00
                                    0.693  1.0431E-15  0.0000E+00  0.0000E+00
                                    0.700  1.0418E-15  0.0000E+00  0.0000E+00
                                    0.706  1.0406E-15  0.0000E+00  0.0000E+00
                                    0.713  1.0395E-15  0.0000E+00  0.0000E+00
                                    0.719  1.0384E-15  0.0000E+00  0.0000E+00
                                    0.726  1.0373E-15  0.0000E+00  0.0000E+00
                                    0.732  1.0364E-15  0.0000E+00  0.0000E+00
                                    0.739  1.0354E-15  0.0000E+00  0.0000E+00
                                    0.745  1.0345E-15  0.0000E+00  0.0000E+00
                                    0.752  1.0336E-15  0.0000E+00  0.0000E+00
                                    0.758  1.0328E-15  0.0000E+00  0.0000E+00
                                    0.765  1.0320E-15  0.0000E+00  0.0000E+00
                                    0.771  1.0313E-15  0.0000E+00  0.0000E+00
                                    0.778  1.0306E-15  0.0000E+00  0.0000E+00
                                    0.784  1.0299E-15  0.0000E+00  0.0000E+00
                                    0.791  1.0293E-15  0.0000E+00  0.0000E+00
                                    0.797  1.0287E-15  0.0000E+00  0.0000E+00
                                    0.804  1.0282E-15  0.0000E+00  0.0000E+00
                                    0.810  1.0277E-15  0.0000E+00  0.0000E+00
                                    0.817  1.0272E-15  0.0000E+00  0.0000E+00
                                    0.823  1.0268E-15  0.0000E+00  0.0000E+00
                                    0.830  1.0263E-15  0.0000E+00  0.0000E+00
                                    0.836  1.0260E-15  0.0000E+00  0.0000E+00
                                    0.843  1.0256E-15  0.0000E+00  0.0000E+00
                                    0.849  1.0253E-15  0.0000E+00  0.0000E+00
                                    0.856  1.0250E-15  0.0000E+00  0.0000E+00
                                    0.862  1.0247E-15  0.0000E+00  0.0000E+00
                                    0.869  1.0245E-15  0.0000E+00  0.0000E+00
                                    0.875  1.0243E-15  0.0000E+00  0.0000E+00
                                    0.882  1.0241E-15  0.0000E+00  0.0000E+00
                                    0.888  1.0239E-15  0.0000E+00  0.0000E+00
                                    0.895  1.0238E-15  0.0000E+00  0.0000E+00
                                    0.901  1.0237E-15  0.0000E+00  0.0000E+00
                                    0.908  1.0236E-15  0.0000E+00  0.0000E+00
                                    0.914  1.0236E-15  0.0000E+00  0.0000E+00
                                    0.921  1.0235E-15  0.0000E+00  0.0000E+00
                                    0.927  1.0235E-15  0.0000E+00  0.0000E+00
                                    0.934  1.0235E-15  0.0000E+00  0.0000E+00
                                    0.940  1.0236E-15  0.0000E+00  0.0000E+00
                                    0.947  1.0236E-15  0.0000E+00  0.0000E+00
                                    0.953  1.0237E-15  0.0000E+00  0.0000E+00
                                    0.960  1.0238E-15  0.0000E+00  0.0000E+00
                                    0.966  1.0239E-15  0.0000E+00  0.0000E+00
                                    0.973  1.0240E-15  0.0000E+00  0.0000E+00
                                    0.979  1.0242E-15  0.0000E+00  0.0000E+00
                                    0.986  1.0244E-15  0.0000E+00  0.0000E+00
                                    0.992  1.0246E-15  0.0000E+00  0.0000E+00
                                    0.999  1.0248E-15  0.0000E+00  0.0000E+00
                                    1.005  1.0250E-15  1.0005E-11  1.0255E-26
                                    1.012  1.0252E-15  5.1669E-11  5.2973E-26
                                    1.018  1.0255E-15  1.2575E-10  1.2895E-25
                                    1.025  1.0258E-15  2.3243E-10  2.3842E-25
                                    1.031  1.0261E-15  3.7160E-10  3.8128E-25
                                    1.038  1.0264E-15  5.4334E-10  5.5767E-25
                                    1.044  1.0267E-15  7.4776E-10  7.6772E-25
                                    1.051  1.0270E-15  9.8478E-10  1.0114E-24
                                    1.057  1.0274E-15  1.2545E-09  1.2889E-24
                                    1.064  1.0278E-15  1.5571E-09  1.6003E-24
                                    1.070  1.0281E-15  1.8923E-09  1.9455E-24
                                    1.077  1.0285E-15  2.2605E-09  2.3250E-24
                                    1.083  1.0289E-15  2.6615E-09  2.7385E-24
                                    1.090  1.0294E-15  3.0955E-09  3.1864E-24
                                    1.096  1.0298E-15  3.5625E-09  3.6686E-24
                                    1.103  1.0302E-15  4.0625E-09  4.1853E-24
                                    1.109  1.0307E-15  4.5956E-09  4.7367E-24
                                    1.116  1.0312E-15  5.1619E-09  5.3228E-24
                                    1.122  1.0317E-15  5.7613E-09  5.9437E-24
                                    1.129  1.0322E-15  6.3941E-09  6.5997E-24
                                    1.135  1.0327E-15  7.0601E-09  7.2907E-24
                                    1.142  1.0332E-15  7.7596E-09  8.0170E-24
                                    1.148  1.0337E-15  8.4925E-09  8.7788E-24
                                    1.155  1.0342E-15  9.2589E-09  9.5760E-24
                                    1.161  1.0348E-15  1.0059E-08  1.0409E-23
                                    1.168  1.0354E-15  1.0893E-08  1.1278E-23
                                    1.174  1.0359E-15  1.1760E-08  1.2182E-23
                                    1.181  1.0365E-15  1.2661E-08  1.3123E-23
                                    1.187  1.0371E-15  1.3596E-08  1.4101E-23
                                    1.194  1.0377E-15  1.4565E-08  1.5114E-23
                                    1.200  1.0383E-15  1.5568E-08  1.6164E-23
                                    1.207  1.0389E-15  1.6605E-08  1.7251E-23
                                    1.213  1.0396E-15  1.7676E-08  1.8375E-23
                                    1.220  1.0402E-15  1.8781E-08  1.9536E-23
                                    1.226  1.0408E-15  1.9921E-08  2.0734E-23
                                    1.233  1.0415E-15  2.1095E-08  2.1970E-23
                                    1.239  1.0422E-15  2.2303E-08  2.3243E-23
                                    1.246  1.0428E-15  2.3546E-08  2.4554E-23
                                    1.252  1.0435E-15  2.4823E-08  2.5903E-23
                                    1.259  1.0442E-15  2.6136E-08  2.7290E-23
                                    1.265  1.0449E-15  2.7482E-08  2.8716E-23
                                    1.272  1.0456E-15  2.8864E-08  3.0180E-23
                                    1.278  1.0463E-15  3.0281E-08  3.1683E-23
                                    1.285  1.0470E-15  3.1733E-08  3.3224E-23
                                    1.291  1.0477E-15  3.3219E-08  3.4805E-23
                                    1.298  1.0485E-15  3.4741E-08  3.6425E-23
                                    1.304  1.0492E-15  3.6299E-08  3.8084E-23
                                    1.311  1.0499E-15  3.7891E-08  3.9783E-23
                                    1.317  1.0507E-15  3.9519E-08  4.1522E-23
                                    1.324  1.0514E-15  4.1183E-08  4.3301E-23
                                    1.330  1.0522E-15  4.2882E-08  4.5121E-23
                                    1.337  1.0530E-15  4.4617E-08  4.6981E-23
                                    1.343  1.0538E-15  4.6387E-08  4.8881E-23
                                    1.350  1.0545E-15  4.8194E-08  5.0822E-23
                                    1.356  1.0553E-15  5.0037E-08  5.2805E-23
                                    1.363  1.0561E-15  5.1915E-08  5.4829E-23
                                    1.369  1.0569E-15  5.3830E-08  5.6894E-23
                                    1.376  1.0577E-15  5.5781E-08  5.9001E-23
                                    1.382  1.0585E-15  5.7769E-08  6.1150E-23
                                    1.389  1.0593E-15  5.9793E-08  6.3341E-23
                                    1.395  1.0602E-15  6.1853E-08  6.5575E-23
                                    1.402  1.0610E-15  6.3950E-08  6.7851E-23
                                    1.408  1.0618E-15  6.6084E-08  7.0170E-23
                                    1.415  1.0627E-15  6.8255E-08  7.2532E-23
                                    1.421  1.0635E-15  7.0463E-08  7.4938E-23
                                    1.428  1.0644E-15  7.2708E-08  7.7387E-23
                                    1.434  1.0652E-15  7.4990E-08  7.9880E-23
                                    1.441  1.0661E-15  7.7309E-08  8.2416E-23
                                    1.447  1.0669E-15  7.9666E-08  8.4997E-23
                                    1.454  1.0678E-15  8.2060E-08  8.7623E-23
                                    1.460  1.0687E-15  8.4492E-08  9.0293E-23
                                    1.467  1.0695E-15  8.6962E-08  9.3008E-23
                                    1.473  1.0704E-15  8.9469E-08  9.5768E-23
                                    1.480  1.0713E-15  9.2014E-08  9.8574E-23
                                    1.486  1.0722E-15  9.4598E-08  1.0143E-22
                                    1.493  1.0731E-15  9.7219E-08  1.0432E-22
                                    1.499  1.0740E-15  9.9879E-08  1.0727E-22
                                    1.506  1.0749E-15  1.0263E-07  1.1031E-22
                                    1.512  1.0758E-15  1.0555E-07  1.1355E-22
                                    1.519  1.0767E-15  1.0866E-07  1.1699E-22
                                    1.525  1.0776E-15  1.1194E-07  1.2062E-22
                                    1.532  1.0785E-15  1.1540E-07  1.2446E-22
                                    1.538  1.0794E-15  1.1905E-07  1.2850E-22
                                    1.545  1.0803E-15  1.2287E-07  1.3274E-22
                                    1.551  1.0813E-15  1.2688E-07  1.3719E-22
                                    1.558  1.0822E-15  1.3143E-07  1.4223E-22
                                    1.564  1.0831E-15  1.3671E-07  1.4807E-22
                                    1.571  1.0841E-15  1.4273E-07  1.5472E-22
                                    1.577  1.0850E-15  1.4948E-07  1.6218E-22
                                    1.584  1.0859E-15  1.5697E-07  1.7046E-22
                                    1.590  1.0869E-15  1.6520E-07  1.7956E-22
                                    1.597  1.0878E-15  1.7418E-07  1.8948E-22
                                    1.603  1.0888E-15  1.8391E-07  2.0024E-22
                                    1.610  1.0897E-15  1.9447E-07  2.1192E-22
                                    1.616  1.0907E-15  2.0588E-07  2.2455E-22
                                    1.623  1.0917E-15  2.1813E-07  2.3812E-22
                                    1.629  1.0926E-15  2.3124E-07  2.5265E-22
                                    1.635  1.0936E-15  2.4519E-07  2.6814E-22
                                    1.642  1.0945E-15  2.6001E-07  2.8459E-22
                                    1.648  1.0955E-15  2.7568E-07  3.0201E-22
                                    1.655  1.0965E-15  2.9247E-07  3.2069E-22
                                    1.661  1.0975E-15  3.1097E-07  3.4128E-22
                                    1.668  1.0985E-15  3.3121E-07  3.6382E-22
                                    1.674  1.0994E-15  3.5320E-07  3.8832E-22
                                    1.681  1.1004E-15  3.7694E-07  4.1479E-22
                                    1.687  1.1014E-15  4.0244E-07  4.4325E-22
                                    1.694  1.1024E-15  4.2969E-07  4.7369E-22
                                    1.700  1.1034E-15  4.5872E-07  5.0615E-22
                                    1.707  1.1044E-15  4.8999E-07  5.4113E-22
                                    1.713  1.1054E-15  5.2384E-07  5.7904E-22
                                    1.720  1.1064E-15  5.6030E-07  6.1990E-22
                                    1.726  1.1074E-15  5.9935E-07  6.6371E-22
                                    1.733  1.1084E-15  6.4103E-07  7.1051E-22
                                    1.739  1.1094E-15  6.8533E-07  7.6030E-22
                                    1.746  1.1104E-15  7.3225E-07  8.1309E-22
                                    1.752  1.1114E-15  7.8205E-07  8.6918E-22
                                    1.759  1.1124E-15  8.3695E-07  9.3105E-22
                                    1.765  1.1134E-15  8.9759E-07  9.9942E-22
                                    1.772  1.1145E-15  9.6398E-07  1.0743E-21
                                    1.778  1.1155E-15  1.0361E-06  1.1558E-21
                                    1.785  1.1165E-15  1.1141E-06  1.2438E-21
                                    1.791  1.1175E-15  1.1978E-06  1.3385E-21
                                    1.798  1.1185E-15  1.2873E-06  1.4399E-21
                                    1.804  1.1196E-15  1.3827E-06  1.5481E-21
                                    1.811  1.1206E-15  1.4842E-06  1.6632E-21
                                    1.817  1.1216E-15  1.5918E-06  1.7855E-21
                                    1.824  1.1227E-15  1.7056E-06  1.9148E-21
                                    1.830  1.1237E-15  1.8254E-06  2.0512E-21
                                    1.837  1.1247E-15  1.9514E-06  2.1949E-21
                                    1.843  1.1258E-15  2.0836E-06  2.3457E-21
                                    1.850  1.1268E-15  2.2220E-06  2.5038E-21
                                    1.856  1.1279E-15  2.3653E-06  2.6678E-21
                                    1.863  1.1289E-15  2.5123E-06  2.8362E-21
                                    1.869  1.1299E-15  2.6630E-06  3.0091E-21
                                    1.876  1.1310E-15  2.8174E-06  3.1865E-21
                                    1.882  1.1320E-15  2.9755E-06  3.3683E-21
                                    1.889  1.1331E-15  3.1372E-06  3.5548E-21
                                    1.895  1.1341E-15  3.3027E-06  3.7458E-21
                                    1.902  1.1352E-15  3.4718E-06  3.9412E-21
                                    1.908  1.1363E-15  3.6416E-06  4.1377E-21
                                    1.915  1.1373E-15  3.8111E-06  4.3344E-21
                                    1.921  1.1384E-15  3.9804E-06  4.5311E-21
                                    1.928  1.1394E-15  4.1494E-06  4.7280E-21
                                    1.934  1.1405E-15  4.3182E-06  4.9249E-21
                                    1.941  1.1416E-15  4.4868E-06  5.1219E-21
                                    1.947  1.1426E-15  4.6551E-06  5.3190E-21
                                    1.954  1.1437E-15  4.8225E-06  5.5154E-21
                                    1.960  1.1447E-15  4.9864E-06  5.7081E-21
                                    1.967  1.1458E-15  5.1465E-06  5.8969E-21
                                    1.973  1.1469E-15  5.3027E-06  6.0816E-21
                                    1.980  1.1480E-15  5.4551E-06  6.2622E-21
                                    1.986  1.1490E-15  5.6036E-06  6.4387E-21
                                    1.993  1.1501E-15  5.7483E-06  6.6111E-21
                                    1.999  1.1512E-15  5.8891E-06  6.7793E-21
                                    2.006  1.1522E-15  6.0265E-06  6.9440E-21
                                    2.012  1.1533E-15  6.1612E-06  7.1059E-21
                                    2.019  1.1544E-15  6.2933E-06  7.2650E-21
                                    2.025  1.1555E-15  6.4227E-06  7.4213E-21
                                    2.032  1.1566E-15  6.5493E-06  7.5747E-21
                                    2.038  1.1576E-15  6.6733E-06  7.7253E-21
                                    2.045  1.1587E-15  6.7945E-06  7.8730E-21
                                    2.051  1.1598E-15  6.9131E-06  8.0178E-21
                                    2.058  1.1609E-15  7.0299E-06  8.1610E-21
                                    2.064  1.1620E-15  7.1456E-06  8.3030E-21
                                    2.071  1.1631E-15  7.2600E-06  8.4439E-21
                                    2.077  1.1642E-15  7.3732E-06  8.5836E-21
                                    2.084  1.1653E-15  7.4852E-06  8.7221E-21
                                    2.090  1.1663E-15  7.5959E-06  8.8594E-21
                                    2.097  1.1674E-15  7.7054E-06  8.9955E-21
                                    2.103  1.1685E-15  7.8136E-06  9.1304E-21
                                    2.110  1.1696E-15  7.9208E-06  9.2643E-21
                                    2.116  1.1707E-15  8.0268E-06  9.3971E-21
                                    2.123  1.1718E-15  8.1318E-06  9.5289E-21
                                    2.129  1.1729E-15  8.2356E-06  9.6596E-21
                                    2.136  1.1740E-15  8.3383E-06  9.7892E-21
                                    2.142  1.1751E-15  8.4399E-06  9.9177E-21
                                    2.149  1.1762E-15  8.5403E-06  1.0045E-20
                                    2.155  1.1773E-15  8.6404E-06  1.0172E-20
                                    2.162  1.1784E-15  8.7416E-06  1.0301E-20
                                    2.168  1.1795E-15  8.8439E-06  1.0431E-20
                                    2.175  1.1806E-15  8.9473E-06  1.0563E-20
                                    2.181  1.1817E-15  9.0518E-06  1.0697E-20
                                    2.188  1.1828E-15  9.1574E-06  1.0832E-20
                                    2.194  1.1839E-15  9.2641E-06  1.0968E-20
                                    2.201  1.1850E-15  9.3720E-06  1.1106E-20
                                    2.207  1.1861E-15  9.4811E-06  1.1246E-20
                                    2.214  1.1873E-15  9.5913E-06  1.1387E-20
                                    2.220  1.1884E-15  9.7028E-06  1.1530E-20
                                    2.227  1.1895E-15  9.8155E-06  1.1675E-20
                                    2.233  1.1906E-15  9.9295E-06  1.1822E-20
                                    2.240  1.1917E-15  1.0045E-05  1.1970E-20
                                    2.246  1.1928E-15  1.0161E-05  1.2120E-20
                                    2.253  1.1939E-15  1.0279E-05  1.2272E-20
                                    2.259  1.1950E-15  1.0396E-05  1.2423E-20
                                    2.266  1.1962E-15  1.0512E-05  1.2574E-20
                                    2.272  1.1973E-15  1.0627E-05  1.2723E-20
                                    2.279  1.1984E-15  1.0741E-05  1.2872E-20
                                    2.285  1.1995E-15  1.0855E-05  1.3021E-20
                                    2.292  1.2006E-15  1.0968E-05  1.3168E-20
                                    2.298  1.2017E-15  1.1080E-05  1.3315E-20
                                    2.305  1.2029E-15  1.1191E-05  1.3461E-20
                                    2.311  1.2040E-15  1.1301E-05  1.3606E-20
                                    2.318  1.2051E-15  1.1410E-05  1.3750E-20
                                    2.324  1.2062E-15  1.1518E-05  1.3893E-20
                                    2.331  1.2073E-15  1.1625E-05  1.4035E-20
                                    2.337  1.2085E-15  1.1731E-05  1.4177E-20
                                    2.344  1.2096E-15  1.1836E-05  1.4317E-20
                                    2.350  1.2107E-15  1.1940E-05  1.4456E-20
                                    2.357  1.2118E-15  1.2043E-05  1.4595E-20
                                    2.363  1.2130E-15  1.2147E-05  1.4734E-20
                                    2.370  1.2141E-15  1.2251E-05  1.4874E-20
                                    2.376  1.2152E-15  1.2356E-05  1.5015E-20
                                    2.383  1.2164E-15  1.2461E-05  1.5157E-20
                                    2.389  1.2175E-15  1.2566E-05  1.5299E-20
                                    2.396  1.2186E-15  1.2672E-05  1.5442E-20
                                    2.402  1.2197E-15  1.2777E-05  1.5585E-20
                                    2.409  1.2209E-15  1.2884E-05  1.5729E-20
                                    2.415  1.2220E-15  1.2990E-05  1.5874E-20
                                    2.422  1.2231E-15  1.3097E-05  1.6019E-20
                                    2.428  1.2243E-15  1.3204E-05  1.6166E-20
                                    2.435  1.2254E-15  1.3312E-05  1.6312E-20
                                    2.441  1.2265E-15  1.3420E-05  1.6460E-20
                                    2.448  1.2277E-15  1.3528E-05  1.6608E-20
                                    2.454  1.2288E-15  1.3636E-05  1.6757E-20
                                    2.461  1.2299E-15  1.3746E-05  1.6907E-20
                                    2.467  1.2311E-15  1.3857E-05  1.7059E-20
                                    2.474  1.2322E-15  1.3969E-05  1.7212E-20
                                    2.480  1.2333E-15  1.4082E-05  1.7367E-20
                                    2.487  1.2345E-15  1.4196E-05  1.7524E-20
                                    2.493  1.2356E-15  1.4311E-05  1.7682E-20
                                    2.500  1.2368E-15  1.4427E-05  1.7842E-20
                                    2.506  1.2379E-15  1.4544E-05  1.8004E-20
                                    2.513  1.2390E-15  1.4663E-05  1.8168E-20
                                    2.519  1.2402E-15  1.4784E-05  1.8335E-20
                                    2.526  1.2413E-15  1.4906E-05  1.8503E-20
                                    2.532  1.2425E-15  1.5030E-05  1.8674E-20
                                    2.539  1.2436E-15  1.5156E-05  1.8848E-20
                                    2.545  1.2447E-15  1.5283E-05  1.9023E-20
                                    2.552  1.2459E-15  1.5412E-05  1.9201E-20
                                    2.558  1.2470E-15  1.5542E-05  1.9381E-20
                                    2.565  1.2482E-15  1.5672E-05  1.9561E-20
                                    2.571  1.2493E-15  1.5804E-05  1.9744E-20
                                    2.578  1.2504E-15  1.5936E-05  1.9927E-20
                                    2.584  1.2516E-15  1.6069E-05  2.0112E-20
                                    2.591  1.2527E-15  1.6203E-05  2.0298E-20
                                    2.597  1.2539E-15  1.6337E-05  2.0485E-20
                                    2.604  1.2550E-15  1.6472E-05  2.0673E-20
                                    2.610  1.2562E-15  1.6607E-05  2.0861E-20
                                    2.617  1.2573E-15  1.6742E-05  2.1050E-20
                                    2.623  1.2585E-15  1.6876E-05  2.1237E-20
                                    2.630  1.2596E-15  1.7009E-05  2.1425E-20
                                    2.636  1.2608E-15  1.7143E-05  2.1613E-20
                                    2.643  1.2619E-15  1.7275E-05  2.1800E-20
                                    2.649  1.2631E-15  1.7408E-05  2.1987E-20
                                    2.656  1.2642E-15  1.7540E-05  2.2174E-20
                                    2.662  1.2654E-15  1.7670E-05  2.2359E-20
                                    2.669  1.2665E-15  1.7799E-05  2.2543E-20
                                    2.675  1.2677E-15  1.7927E-05  2.2725E-20
                                    2.682  1.2688E-15  1.8053E-05  2.2906E-20
                                    2.688  1.2700E-15  1.8178E-05  2.3086E-20
                                    2.695  1.2711E-15  1.8302E-05  2.3264E-20
                                    2.701  1.2723E-15  1.8425E-05  2.3441E-20
                                    2.708  1.2734E-15  1.8546E-05  2.3617E-20
                                    2.714  1.2746E-15  1.8666E-05  2.3791E-20
                                    2.721  1.2757E-15  1.8784E-05  2.3963E-20
                                    2.727  1.2769E-15  1.8901E-05  2.4134E-20
                                    2.734  1.2780E-15  1.9017E-05  2.4304E-20
                                    2.740  1.2792E-15  1.9131E-05  2.4472E-20
                                    2.747  1.2803E-15  1.9244E-05  2.4639E-20
                                    2.753  1.2815E-15  1.9356E-05  2.4805E-20
                                    2.760  1.2826E-15  1.9467E-05  2.4969E-20
                                    2.766  1.2838E-15  1.9576E-05  2.5132E-20
                                    2.773  1.2850E-15  1.9685E-05  2.5294E-20
                                    2.779  1.2861E-15  1.9793E-05  2.5455E-20
                                    2.786  1.2873E-15  1.9899E-05  2.5616E-20
                                    2.792  1.2884E-15  2.0005E-05  2.5775E-20
                                    2.799  1.2896E-15  2.0109E-05  2.5933E-20
                                    2.805  1.2907E-15  2.0213E-05  2.6090E-20
                                    2.812  1.2919E-15  2.0317E-05  2.6247E-20
                                    2.818  1.2930E-15  2.0420E-05  2.6404E-20
                                    2.825  1.2942E-15  2.0523E-05  2.6561E-20
                                    2.831  1.2954E-15  2.0625E-05  2.6717E-20
                                    2.838  1.2965E-15  2.0728E-05  2.6874E-20
                                    2.844  1.2977E-15  2.0830E-05  2.7030E-20
                                    2.851  1.2988E-15  2.0931E-05  2.7186E-20
                                    2.857  1.3000E-15  2.1032E-05  2.7342E-20
                                    2.864  1.3012E-15  2.1133E-05  2.7497E-20
                                    2.870  1.3023E-15  2.1232E-05  2.7651E-20
                                    2.877  1.3035E-15  2.1331E-05  2.7804E-20
                                    2.883  1.3046E-15  2.1428E-05  2.7956E-20
                                    2.890  1.3058E-15  2.1525E-05  2.8108E-20
                                    2.896  1.3070E-15  2.1621E-05  2.8258E-20
                                    2.903  1.3081E-15  2.1717E-05  2.8408E-20
                                    2.909  1.3093E-15  2.1811E-05  2.8557E-20
                                    2.916  1.3104E-15  2.1905E-05  2.8705E-20
                                    2.922  1.3116E-15  2.1997E-05  2.8852E-20
                                    2.929  1.3128E-15  2.2089E-05  2.8998E-20
                                    2.935  1.3139E-15  2.2180E-05  2.9142E-20
                                    2.942  1.3151E-15  2.2269E-05  2.9286E-20
                                    2.948  1.3163E-15  2.2358E-05  2.9429E-20
                                    2.955  1.3174E-15  2.2446E-05  2.9571E-20
                                    2.961  1.3186E-15  2.2533E-05  2.9711E-20
                                    2.968  1.3197E-15  2.2619E-05  2.9851E-20
                                    2.974  1.3209E-15  2.2703E-05  2.9989E-20
                                    2.981  1.3221E-15  2.2787E-05  3.0126E-20
                                    2.987  1.3232E-15  2.2869E-05  3.0261E-20
                                    2.994  1.3244E-15  2.2951E-05  3.0396E-20
                                    3.000  1.3256E-15  2.3031E-05  3.0529E-20
                                    3.007  1.3267E-15  2.3110E-05  3.0661E-20
                                    3.013  1.3279E-15  2.3189E-05  3.0792E-20
                                    3.020  1.3291E-15  2.3266E-05  3.0922E-20
                                    3.026  1.3302E-15  2.3343E-05  3.1051E-20
                                    3.033  1.3314E-15  2.3419E-05  3.1179E-20
                                    3.039  1.3326E-15  2.3493E-05  3.1306E-20
                                    3.046  1.3337E-15  2.3567E-05  3.1432E-20
                                    3.052  1.3349E-15  2.3640E-05  3.1557E-20
                                    3.059  1.3361E-15  2.3713E-05  3.1683E-20
                                    3.065  1.3372E-15  2.3787E-05  3.1808E-20
                                    3.072  1.3384E-15  2.3860E-05  3.1935E-20
                                    3.078  1.3396E-15  2.3934E-05  3.2062E-20
                                    3.085  1.3407E-15  2.4009E-05  3.2189E-20
                                    3.091  1.3419E-15  2.4083E-05  3.2317E-20
                                    3.098  1.3431E-15  2.4158E-05  3.2445E-20
                                    3.104  1.3442E-15  2.4233E-05  3.2574E-20
                                    3.111  1.3454E-15  2.4308E-05  3.2703E-20
                                    3.117  1.3466E-15  2.4383E-05  3.2833E-20
                                    3.124  1.3477E-15  2.4458E-05  3.2963E-20
                                    3.130  1.3489E-15  2.4533E-05  3.3093E-20
                                    3.137  1.3501E-15  2.4608E-05  3.3223E-20
                                    3.143  1.3512E-15  2.4684E-05  3.3354E-20
                                    3.150  1.3524E-15  2.4760E-05  3.3485E-20
                                    3.156  1.3536E-15  2.4835E-05  3.3616E-20
                                    3.163  1.3548E-15  2.4910E-05  3.3747E-20
                                    3.169  1.3559E-15  2.4985E-05  3.3877E-20
                                    3.176  1.3571E-15  2.5059E-05  3.4008E-20
                                    3.182  1.3583E-15  2.5133E-05  3.4137E-20
                                    3.189  1.3594E-15  2.5207E-05  3.4267E-20
                                    3.195  1.3606E-15  2.5280E-05  3.4396E-20
                                    3.202  1.3618E-15  2.5353E-05  3.4525E-20
                                    3.208  1.3629E-15  2.5426E-05  3.4654E-20
                                    3.215  1.3641E-15  2.5498E-05  3.4782E-20
                                    3.221  1.3653E-15  2.5570E-05  3.4910E-20
                                    3.228  1.3665E-15  2.5641E-05  3.5038E-20
                                    3.234  1.3676E-15  2.5713E-05  3.5165E-20
                                    3.241  1.3688E-15  2.5784E-05  3.5293E-20
                                    3.247  1.3700E-15  2.5854E-05  3.5420E-20
                                    3.254  1.3711E-15  2.5924E-05  3.5546E-20
                                    3.260  1.3723E-15  2.5995E-05  3.5673E-20
                                    3.267  1.3735E-15  2.6065E-05  3.5800E-20
                                    3.273  1.3747E-15  2.6135E-05  3.5927E-20
                                    3.280  1.3758E-15  2.6206E-05  3.6055E-20
                                    3.286  1.3770E-15  2.6276E-05  3.6182E-20
                                    3.293  1.3782E-15  2.6346E-05  3.6310E-20
                                    3.299  1.3794E-15  2.6417E-05  3.6438E-20
                                    3.306  1.3805E-15  2.6487E-05  3.6566E-20
                                    3.312  1.3817E-15  2.6559E-05  3.6696E-20
                                    3.319  1.3829E-15  2.6631E-05  3.6827E-20
                                    3.325  1.3840E-15  2.6703E-05  3.6959E-20
                                    3.332  1.3852E-15  2.6777E-05  3.7092E-20
                                    3.338  1.3864E-15  2.6851E-05  3.7226E-20
                                    3.345  1.3876E-15  2.6926E-05  3.7362E-20
                                    3.351  1.3887E-15  2.7002E-05  3.7499E-20
                                    3.358  1.3899E-15  2.7078E-05  3.7637E-20
                                    3.364  1.3911E-15  2.7156E-05  3.7776E-20
                                    3.371  1.3923E-15  2.7233E-05  3.7916E-20
                                    3.377  1.3934E-15  2.7312E-05  3.8057E-20
                                    3.384  1.3946E-15  2.7391E-05  3.8200E-20
                                    3.390  1.3958E-15  2.7471E-05  3.8343E-20
                                    3.397  1.3970E-15  2.7551E-05  3.8488E-20
                                    3.403  1.3981E-15  2.7632E-05  3.8634E-20
                                    3.410  1.3993E-15  2.7714E-05  3.8781E-20
                                    3.416  1.4005E-15  2.7796E-05  3.8928E-20
                                    3.423  1.4017E-15  2.7879E-05  3.9077E-20
                                    3.429  1.4028E-15  2.7962E-05  3.9227E-20
                                    3.436  1.4040E-15  2.8046E-05  3.9377E-20
                                    3.442  1.4052E-15  2.8131E-05  3.9529E-20
                                    3.449  1.4064E-15  2.8216E-05  3.9682E-20
                                    3.455  1.4075E-15  2.8301E-05  3.9836E-20
                                    3.462  1.4087E-15  2.8388E-05  3.9991E-20
                                    3.468  1.4099E-15  2.8476E-05  4.0148E-20
                                    3.475  1.4111E-15  2.8565E-05  4.0307E-20
                                    3.481  1.4122E-15  2.8655E-05  4.0468E-20
                                    3.488  1.4134E-15  2.8746E-05  4.0631E-20
                                    3.494  1.4146E-15  2.8838E-05  4.0795E-20
                                    3.501  1.4158E-15  2.8932E-05  4.0961E-20
                                    3.507  1.4170E-15  2.9026E-05  4.1129E-20
                                    3.514  1.4181E-15  2.9123E-05  4.1300E-20
                                    3.520  1.4193E-15  2.9221E-05  4.1474E-20
                                    3.527  1.4205E-15  2.9321E-05  4.1650E-20
                                    3.533  1.4217E-15  2.9422E-05  4.1829E-20
                                    3.540  1.4228E-15  2.9526E-05  4.2010E-20
                                    3.546  1.4240E-15  2.9631E-05  4.2195E-20
                                    3.553  1.4252E-15  2.9738E-05  4.2382E-20
                                    3.559  1.4264E-15  2.9847E-05  4.2573E-20
                                    3.566  1.4275E-15  2.9959E-05  4.2767E-20
                                    3.572  1.4287E-15  3.0073E-05  4.2966E-20
                                    3.579  1.4299E-15  3.0190E-05  4.3168E-20
                                    3.585  1.4311E-15  3.0309E-05  4.3375E-20
                                    3.592  1.4323E-15  3.0431E-05  4.3585E-20
                                    3.598  1.4334E-15  3.0555E-05  4.3799E-20
                                    3.605  1.4346E-15  3.0682E-05  4.4017E-20
                                    3.611  1.4358E-15  3.0811E-05  4.4238E-20
                                    3.618  1.4370E-15  3.0942E-05  4.4463E-20
                                    3.624  1.4381E-15  3.1075E-05  4.4690E-20
                                    3.631  1.4393E-15  3.1210E-05  4.4921E-20
                                    3.637  1.4405E-15  3.1347E-05  4.5155E-20
                                    3.644  1.4417E-15  3.1486E-05  4.5392E-20
                                    3.650  1.4429E-15  3.1626E-05  4.5632E-20
                                    3.657  1.4440E-15  3.1768E-05  4.5875E-20
                                    3.663  1.4452E-15  3.1911E-05  4.6119E-20
                                    3.670  1.4464E-15  3.2055E-05  4.6364E-20
                                    3.676  1.4476E-15  3.2199E-05  4.6610E-20
                                    3.683  1.4487E-15  3.2343E-05  4.6858E-20
                                    3.689  1.4499E-15  3.2489E-05  4.7106E-20
                                    3.696  1.4511E-15  3.2635E-05  4.7357E-20
                                    3.702  1.4523E-15  3.2782E-05  4.7608E-20
                                    3.709  1.4535E-15  3.2930E-05  4.7862E-20
                                    3.715  1.4546E-15  3.3080E-05  4.8120E-20
                                    3.722  1.4558E-15  3.3232E-05  4.8380E-20
                                    3.728  1.4570E-15  3.3386E-05  4.8643E-20
                                    3.735  1.4582E-15  3.3542E-05  4.8910E-20
                                    3.741  1.4594E-15  3.3699E-05  4.9179E-20
                                    3.748  1.4605E-15  3.3858E-05  4.9452E-20
                                    3.754  1.4617E-15  3.4020E-05  4.9727E-20
                                    3.761  1.4629E-15  3.4184E-05  5.0007E-20
                                    3.767  1.4641E-15  3.4350E-05  5.0291E-20
                                    3.774  1.4653E-15  3.4519E-05  5.0580E-20
                                    3.780  1.4664E-15  3.4691E-05  5.0872E-20
                                    3.787  1.4676E-15  3.4865E-05  5.1169E-20
                                    3.793  1.4688E-15  3.5042E-05  5.1470E-20
                                    3.800  1.4700E-15  3.5222E-05  5.1775E-20
                                    3.806  1.4712E-15  3.5404E-05  5.2085E-20
                                    3.813  1.4723E-15  3.5588E-05  5.2397E-20
                                    3.819  1.4735E-15  3.5774E-05  5.2714E-20
                                    3.826  1.4747E-15  3.5962E-05  5.3033E-20
                                    3.832  1.4751E-15  3.6153E-05  5.3330E-20
                                    3.839  1.4762E-15  3.6345E-05  5.3652E-20
                                    3.845  1.4774E-15  3.6539E-05  5.3982E-20
                                    3.852  1.4785E-15  3.6736E-05  5.4315E-20
                                    3.858  1.4797E-15  3.6936E-05  5.4654E-20
                                    3.865  1.4809E-15  3.7139E-05  5.4999E-20
                                    3.871  1.4821E-15  3.7345E-05  5.5349E-20
                                    3.878  1.4833E-15  3.7555E-05  5.5704E-20
                                    3.884  1.4844E-15  3.7769E-05  5.6065E-20
                                    3.891  1.4856E-15  3.7986E-05  5.6432E-20
                                    3.897  1.4868E-15  3.8206E-05  5.6805E-20
                                    3.904  1.4880E-15  3.8431E-05  5.7184E-20
                                    3.910  1.4892E-15  3.8664E-05  5.7577E-20
                                    3.917  1.4903E-15  3.8906E-05  5.7983E-20
                                    3.923  1.4915E-15  3.9157E-05  5.8403E-20
                                    3.930  1.4927E-15  3.9416E-05  5.8836E-20
                                    3.936  1.4939E-15  3.9684E-05  5.9283E-20
                                    3.943  1.4950E-15  3.9962E-05  5.9745E-20
                                    3.949  1.4962E-15  4.0248E-05  6.0220E-20
                                    3.956  1.2484E-15  4.0549E-05  5.0620E-20
                                    3.962  1.1674E-15  4.0873E-05  4.7716E-20
                                    3.969  1.1683E-15  4.1223E-05  4.8161E-20
                                    3.975  1.1692E-15  4.1596E-05  4.8636E-20
                                    3.982  1.1702E-15  4.1995E-05  4.9140E-20
                                    3.988  1.1711E-15  4.2417E-05  4.9674E-20
                                    3.995  1.1720E-15  4.2865E-05  5.0237E-20
                                    4.001  1.1729E-15  4.3336E-05  5.0829E-20
                                    4.008  1.1738E-15  4.3812E-05  5.1428E-20
                                    4.014  3.8270E-16  4.4284E-05  1.6947E-20
+                                                                  __________
                                                       Total:      9.5967E-18

