SOURCES 4C Calculation
<<<<<<<<<<<>>>>>>>>>>>



                          Neutron Source Magnitudes
                          ~~~~~~~~~~~~~~~~~~~~~~~~~

Title: Copper on He interface problem InterfaceProblem: N. Abgrall et al., Nucl. Ins

 WARNING-AN ALPHA ENERGY THAT EXCEEDED   6.500 MEV WAS SET TO:  6.500 MeV
 WARNING-AN ALPHA ENERGY THAT EXCEEDED   6.500 MEV WAS SET TO:  6.500 MeV


1                              Table I
                               =======

            (alpha,n) Neutron Production by Target and Alpha Energy


                 target            alpha   alphas/sec     p(e)     neuts/sec
       target  atom frac.          energy     /cm^2    neut/alpha    /cm^2
+      ______  __________  ______  ______  __________  __________  __________
       be  9   1.0000E+00           0.033  3.1416E-12  0.0000E+00  0.0000E+00
                                    0.098  5.8737E-13  0.0000E+00  0.0000E+00
                                    0.163  4.4389E-13  0.0000E+00  0.0000E+00
                                    0.228  3.7691E-13  0.0000E+00  0.0000E+00
                                    0.293  3.3746E-13  0.0000E+00  0.0000E+00
                                    0.358  3.1181E-13  0.0000E+00  0.0000E+00
                                    0.423  2.9427E-13  0.0000E+00  0.0000E+00
                                    0.488  2.8196E-13  0.0000E+00  0.0000E+00
                                    0.553  2.7326E-13  0.0000E+00  0.0000E+00
                                    0.618  2.6713E-13  0.0000E+00  0.0000E+00
                                    0.683  2.6290E-13  0.0000E+00  0.0000E+00
                                    0.748  2.6010E-13  0.0000E+00  0.0000E+00
                                    0.813  2.5840E-13  0.0000E+00  0.0000E+00
                                    0.878  2.5756E-13  0.0000E+00  0.0000E+00
                                    0.943  2.5740E-13  0.0000E+00  0.0000E+00
                                    1.008  2.5777E-13  2.6802E-11  6.9088E-24
                                    1.073  2.5857E-13  2.0724E-09  5.3587E-22
                                    1.138  2.5971E-13  7.4058E-09  1.9234E-21
                                    1.203  2.6114E-13  1.6082E-08  4.1997E-21
                                    1.268  2.6280E-13  2.8169E-08  7.4028E-21
                                    1.333  2.6464E-13  4.3745E-08  1.1577E-20
                                    1.398  2.6665E-13  6.2897E-08  1.6772E-20
                                    1.463  2.6879E-13  8.5722E-08  2.3041E-20
                                    1.528  2.7103E-13  1.1365E-07  3.0803E-20
                                    1.593  2.7337E-13  1.6960E-07  4.6364E-20
                                    1.658  2.7579E-13  3.0151E-07  8.3155E-20
                                    1.723  2.7828E-13  5.7951E-07  1.6127E-19
                                    1.788  2.8083E-13  1.1552E-06  3.2442E-19
                                    1.853  2.8342E-13  2.2932E-06  6.4995E-19
                                    1.918  2.8606E-13  3.8958E-06  1.1144E-18
                                    1.983  2.8874E-13  5.5298E-06  1.5967E-18
                                    2.048  2.9145E-13  6.8541E-06  1.9976E-18
                                    2.113  2.9419E-13  7.9740E-06  2.3458E-18
                                    2.178  2.9695E-13  8.9994E-06  2.6724E-18
                                    2.243  2.9974E-13  1.0103E-05  3.0282E-18
                                    2.308  3.0255E-13  1.1246E-05  3.4025E-18
                                    2.373  3.0537E-13  1.2304E-05  3.7572E-18
                                    2.438  3.0821E-13  1.3366E-05  4.1195E-18
                                    2.503  3.1107E-13  1.4485E-05  4.5059E-18
                                    2.568  3.1394E-13  1.5738E-05  4.9407E-18
                                    2.633  3.1682E-13  1.7076E-05  5.4100E-18
                                    2.698  3.1971E-13  1.8364E-05  5.8710E-18
                                    2.763  3.2261E-13  1.9522E-05  6.2978E-18
                                    2.828  3.2551E-13  2.0574E-05  6.6972E-18
                                    2.893  3.2843E-13  2.1573E-05  7.0853E-18
                                    2.958  3.3135E-13  2.2490E-05  7.4519E-18
                                    3.023  3.3428E-13  2.3305E-05  7.7902E-18
                                    3.088  3.3721E-13  2.4046E-05  8.1085E-18
                                    3.153  3.4015E-13  2.4797E-05  8.4348E-18
                                    3.218  3.4309E-13  2.5534E-05  8.7604E-18
                                    3.283  3.4604E-13  2.6241E-05  9.0803E-18
                                    3.348  3.4899E-13  2.6964E-05  9.4101E-18
                                    3.413  3.5194E-13  2.7755E-05  9.7681E-18
                                    3.478  3.5489E-13  2.8610E-05  1.0154E-17
                                    3.543  3.5785E-13  2.9578E-05  1.0585E-17
                                    3.608  3.6081E-13  3.0747E-05  1.1094E-17
                                    3.673  3.6377E-13  3.2127E-05  1.1687E-17
                                    3.738  3.6674E-13  3.3620E-05  1.2330E-17
                                    3.803  3.6970E-13  3.5313E-05  1.3055E-17
                                    3.868  3.7267E-13  3.7242E-05  1.3879E-17
                                    3.933  3.7564E-13  3.9549E-05  1.4856E-17
                                    3.998  3.7860E-13  4.3098E-05  1.6317E-17
                                    4.063  3.8154E-13  4.7660E-05  1.8184E-17
                                    4.128  3.8306E-13  5.1873E-05  1.9870E-17
                                    4.193  3.6124E-13  5.5885E-05  2.0188E-17
                                    4.258  3.4168E-13  5.9810E-05  2.0436E-17
                                    4.323  3.4427E-13  6.3828E-05  2.1974E-17
                                    4.388  3.4687E-13  6.7889E-05  2.3549E-17
                                    4.453  3.4945E-13  7.2017E-05  2.5167E-17
                                    4.518  3.5199E-13  7.6238E-05  2.6835E-17
                                    4.583  3.5398E-13  8.0411E-05  2.8464E-17
                                    4.648  3.4361E-13  8.4448E-05  2.9018E-17
                                    4.713  3.0586E-13  8.8391E-05  2.7035E-17
                                    4.778  2.5440E-13  9.2498E-05  2.3531E-17
                                    4.843  2.0953E-13  9.6867E-05  2.0296E-17
                                    4.908  2.1102E-13  1.0164E-04  2.1447E-17
                                    4.973  2.1249E-13  1.0678E-04  2.2691E-17
                                    5.038  2.1395E-13  1.1211E-04  2.3986E-17
                                    5.103  2.1544E-13  1.1757E-04  2.5330E-17
                                    5.168  2.1692E-13  1.2301E-04  2.6684E-17
                                    5.233  2.1841E-13  1.2875E-04  2.8120E-17
                                    5.298  1.9833E-13  1.3478E-04  2.6731E-17
                                    5.363  1.6623E-13  1.4089E-04  2.3420E-17
                                    5.428  1.6734E-13  1.4711E-04  2.4619E-17
                                    5.493  1.3808E-13  1.5349E-04  2.1194E-17
                                    5.558  1.1336E-13  1.6045E-04  1.8188E-17
                                    5.623  1.1410E-13  1.6741E-04  1.9101E-17
                                    5.688  1.1485E-13  1.7425E-04  2.0012E-17
                                    5.753  1.1559E-13  1.8135E-04  2.0961E-17
                                    5.818  1.1633E-13  1.8863E-04  2.1943E-17
                                    5.883  1.1707E-13  1.9604E-04  2.2951E-17
                                    5.948  1.1781E-13  2.0288E-04  2.3902E-17
                                    6.013  7.9596E-14  2.0973E-04  1.6693E-17
                                    6.078  5.9164E-14  2.1653E-04  1.2811E-17
                                    6.143  5.9531E-14  2.2330E-04  1.3293E-17
                                    6.208  5.9898E-14  2.3010E-04  1.3783E-17
                                    6.273  6.0264E-14  2.3697E-04  1.4281E-17
                                    6.338  6.0631E-14  2.4384E-04  1.4784E-17
                                    6.403  6.0997E-14  2.5068E-04  1.5291E-17
                                    6.468  6.1363E-14  2.5761E-04  1.5807E-17
+                                                                  __________
                                                       Total:      1.0615E-15

