Copper on He interface problem InterfaceProblem: N. Abgrall et al., Nucl. Instr. and Meth. A 828 (2016) (doi:10.1016/j.nima.2016.04.070)
2 2 1
1 0 6.50 0.0000001
  29 1.0 
100
14
  922380 3e-14
  922340 1.6483885407341092e-18
  912340 1.4805946292866985e-29
  902340 4.433352546571664e-25
  902300 5.062667860340197e-19
  882260 1.0743061772605193e-20
  862220 7.033578199923964e-26
  842180 3.957620501751675e-29
  842140 3.483251097947999e-35
  842100 2.545516979188384e-24
  832140 2.542177146057403e-28
  832100 9.219901644571441e-26
  822140 3.4568499282569506e-28
  822100 1.4905998209489704e-22
target is composed of He
1 0
  2 1.0
20 10.0 0.0
1 4000
  40090 1.0
