Bulk Shotcrete problem: N. Abgrall et al., Nucl. Instr. and Meth. A 828 (2016) (doi:10.1016/j.nima.2016.04.070)
1 2 1
11 0
 1   0.008369383
 6   0.000702273
 8   0.632664473
 11  0.020638254
 12  0.010237913
 13  0.04720579
 14  0.209482183
 19  0.009492483
 20  0.0501958
 25  0.001420213
 26  0.009591234
100 10.0 0.0
1
 902320  6.346E+14
9 4000
 60130  3.29e-7 
 80170  1.07e-5 
 80180  5.47e-5 
 110230 9.78e-4 
 120250 4.72e-5 
 120260 5.00e-5 
 130270 2.24e-3 
 140290 4.51e-4 
 140300 2.88e-4 
