SOURCES 4C Calculation
<<<<<<<<<<<>>>>>>>>>>>



                       Absolute Neutron Source Spectra
                       ~~~~~~~~~~~~~~~~~~~~~~~~~~~~~~~

Title: Bulk Shotcrete problem: N. Abgrall et al., Nucl. Instr. and Meth. A 828 (2016

 Neutron Multigroup Structure (MeV)
 0.000E+00 1.000E-01 2.000E-01 3.000E-01 4.000E-01 5.000E-01 6.000E-01 7.000E-01
 8.000E-01 9.000E-01 1.000E+00 1.100E+00 1.200E+00 1.300E+00 1.400E+00 1.500E+00
 1.600E+00 1.700E+00 1.800E+00 1.900E+00 2.000E+00 2.100E+00 2.200E+00 2.300E+00
 2.400E+00 2.500E+00 2.600E+00 2.700E+00 2.800E+00 2.900E+00 3.000E+00 3.100E+00
 3.200E+00 3.300E+00 3.400E+00 3.500E+00 3.600E+00 3.700E+00 3.800E+00 3.900E+00
 4.000E+00 4.100E+00 4.200E+00 4.300E+00 4.400E+00 4.500E+00 4.600E+00 4.700E+00
 4.800E+00 4.900E+00 5.000E+00 5.100E+00 5.200E+00 5.300E+00 5.400E+00 5.500E+00
 5.600E+00 5.700E+00 5.800E+00 5.900E+00 6.000E+00 6.100E+00 6.200E+00 6.300E+00
 6.400E+00 6.500E+00 6.600E+00 6.700E+00 6.800E+00 6.900E+00 7.000E+00 7.100E+00
 7.200E+00 7.300E+00 7.400E+00 7.500E+00 7.600E+00 7.700E+00 7.800E+00 7.900E+00
 8.000E+00 8.100E+00 8.200E+00 8.300E+00 8.400E+00 8.500E+00 8.600E+00 8.700E+00
 8.800E+00 8.900E+00 9.000E+00 9.100E+00 9.200E+00 9.300E+00 9.400E+00 9.500E+00
 9.600E+00 9.700E+00 9.800E+00 9.900E+00 1.000E+01

--------------------------------------------------------------------------------


 (a,n) neutrons/sec-cc from  6.34600E+14 at/cc th232  alphas on  c 13  in target
 0.000E+00 0.000E+00 0.000E+00 0.000E+00 0.000E+00 0.000E+00 0.000E+00 0.000E+00
 0.000E+00 0.000E+00 0.000E+00 0.000E+00 0.000E+00 0.000E+00 0.000E+00 0.000E+00
 0.000E+00 0.000E+00 0.000E+00 0.000E+00 9.909E-21 3.824E-20 5.810E-20 7.835E-20
 1.244E-19 2.513E-19 5.399E-19 8.401E-19 1.538E-18 3.981E-18 1.037E-17 1.982E-17
 2.527E-17 3.057E-17 3.425E-17 3.913E-17 4.854E-17 5.352E-17 5.565E-17 5.735E-17
 5.695E-17 5.600E-17 5.390E-17 5.064E-17 4.591E-17 4.031E-17 3.613E-17 3.383E-17
 3.096E-17 2.781E-17 2.548E-17 2.390E-17 2.110E-17 1.789E-17 1.204E-17 6.368E-18
 4.483E-18 4.014E-18 2.073E-18 3.178E-19 6.641E-20 0.000E+00 0.000E+00 0.000E+00
 0.000E+00 0.000E+00 0.000E+00 0.000E+00 0.000E+00 0.000E+00 0.000E+00 0.000E+00
 0.000E+00 0.000E+00 0.000E+00 0.000E+00 0.000E+00 0.000E+00 0.000E+00 0.000E+00
 0.000E+00 0.000E+00 0.000E+00 0.000E+00 0.000E+00 0.000E+00 0.000E+00 0.000E+00
 0.000E+00 0.000E+00 0.000E+00 0.000E+00 0.000E+00 0.000E+00 0.000E+00 0.000E+00
 0.000E+00 0.000E+00 0.000E+00 0.000E+00
                                   Total (all groups):  9.321E-16 neutrons/sec-cm**3   .
                               Average Neutron Energy:  4.199E+00 MeV.


 (a,n) neutrons/sec-cc from  6.34600E+14 at/cc th232  alphas on  o 17  in target
 1.088E-18 3.761E-18 1.154E-17 3.188E-17 1.043E-16 2.056E-16 2.764E-16 3.435E-16
 4.070E-16 5.105E-16 8.896E-16 1.077E-15 1.284E-15 1.659E-15 2.218E-15 2.720E-15
 2.786E-15 2.582E-15 2.293E-15 2.128E-15 2.050E-15 1.897E-15 1.712E-15 1.436E-15
 1.123E-15 7.563E-16 5.093E-16 4.907E-16 6.380E-16 7.352E-16 7.453E-16 7.269E-16
 7.107E-16 6.979E-16 6.540E-16 5.754E-16 5.143E-16 4.870E-16 4.489E-16 4.002E-16
 3.290E-16 2.315E-16 1.273E-16 4.860E-17 1.465E-18 0.000E+00 0.000E+00 0.000E+00
 0.000E+00 0.000E+00 0.000E+00 0.000E+00 0.000E+00 0.000E+00 0.000E+00 0.000E+00
 0.000E+00 0.000E+00 0.000E+00 0.000E+00 0.000E+00 0.000E+00 0.000E+00 0.000E+00
 0.000E+00 0.000E+00 0.000E+00 0.000E+00 0.000E+00 0.000E+00 0.000E+00 0.000E+00
 0.000E+00 0.000E+00 0.000E+00 0.000E+00 0.000E+00 0.000E+00 0.000E+00 0.000E+00
 0.000E+00 0.000E+00 0.000E+00 0.000E+00 0.000E+00 0.000E+00 0.000E+00 0.000E+00
 0.000E+00 0.000E+00 0.000E+00 0.000E+00 0.000E+00 0.000E+00 0.000E+00 0.000E+00
 0.000E+00 0.000E+00 0.000E+00 0.000E+00
                                   Total (all groups):  3.958E-14 neutrons/sec-cm**3   .
                               Average Neutron Energy:  2.093E+00 MeV.


 (a,n) neutrons/sec-cc from  6.34600E+14 at/cc th232  alphas on  o 18  in target
 8.169E-17 3.319E-16 6.684E-16 1.253E-15 2.117E-15 2.487E-15 2.521E-15 2.916E-15
 3.533E-15 4.268E-15 5.469E-15 7.363E-15 1.002E-14 1.201E-14 1.625E-14 2.123E-14
 2.495E-14 2.706E-14 3.047E-14 3.142E-14 2.928E-14 2.777E-14 2.616E-14 2.250E-14
 1.932E-14 1.581E-14 1.138E-14 8.115E-15 5.981E-15 2.697E-15 2.780E-16 0.000E+00
 0.000E+00 0.000E+00 0.000E+00 0.000E+00 0.000E+00 0.000E+00 0.000E+00 0.000E+00
 0.000E+00 0.000E+00 0.000E+00 0.000E+00 0.000E+00 0.000E+00 0.000E+00 0.000E+00
 0.000E+00 0.000E+00 0.000E+00 0.000E+00 0.000E+00 0.000E+00 0.000E+00 0.000E+00
 0.000E+00 0.000E+00 0.000E+00 0.000E+00 0.000E+00 0.000E+00 0.000E+00 0.000E+00
 0.000E+00 0.000E+00 0.000E+00 0.000E+00 0.000E+00 0.000E+00 0.000E+00 0.000E+00
 0.000E+00 0.000E+00 0.000E+00 0.000E+00 0.000E+00 0.000E+00 0.000E+00 0.000E+00
 0.000E+00 0.000E+00 0.000E+00 0.000E+00 0.000E+00 0.000E+00 0.000E+00 0.000E+00
 0.000E+00 0.000E+00 0.000E+00 0.000E+00 0.000E+00 0.000E+00 0.000E+00 0.000E+00
 0.000E+00 0.000E+00 0.000E+00 0.000E+00
                                   Total (all groups):  3.757E-13 neutrons/sec-cm**3   .
                               Average Neutron Energy:  1.908E+00 MeV.


 (a,n) neutrons/sec-cc from  6.34600E+14 at/cc th232  alphas on na 23  in target
 3.160E-15 5.228E-15 6.573E-15 5.158E-15 3.527E-15 1.743E-15 2.101E-16 0.000E+00
 0.000E+00 0.000E+00 0.000E+00 0.000E+00 0.000E+00 0.000E+00 0.000E+00 0.000E+00
 0.000E+00 0.000E+00 0.000E+00 0.000E+00 0.000E+00 0.000E+00 0.000E+00 0.000E+00
 0.000E+00 0.000E+00 0.000E+00 0.000E+00 0.000E+00 0.000E+00 0.000E+00 0.000E+00
 0.000E+00 0.000E+00 0.000E+00 0.000E+00 0.000E+00 0.000E+00 0.000E+00 0.000E+00
 0.000E+00 0.000E+00 0.000E+00 0.000E+00 0.000E+00 0.000E+00 0.000E+00 0.000E+00
 0.000E+00 0.000E+00 0.000E+00 0.000E+00 0.000E+00 0.000E+00 0.000E+00 0.000E+00
 0.000E+00 0.000E+00 0.000E+00 0.000E+00 0.000E+00 0.000E+00 0.000E+00 0.000E+00
 0.000E+00 0.000E+00 0.000E+00 0.000E+00 0.000E+00 0.000E+00 0.000E+00 0.000E+00
 0.000E+00 0.000E+00 0.000E+00 0.000E+00 0.000E+00 0.000E+00 0.000E+00 0.000E+00
 0.000E+00 0.000E+00 0.000E+00 0.000E+00 0.000E+00 0.000E+00 0.000E+00 0.000E+00
 0.000E+00 0.000E+00 0.000E+00 0.000E+00 0.000E+00 0.000E+00 0.000E+00 0.000E+00
 0.000E+00 0.000E+00 0.000E+00 0.000E+00
                                   Total (all groups):  2.560E-14 neutrons/sec-cm**3   .
                               Average Neutron Energy:  2.760E-01 MeV.


 (a,n) neutrons/sec-cc from  6.34600E+14 at/cc th232  alphas on mg 25  in target
 2.703E-18 1.251E-17 3.291E-17 6.687E-17 1.151E-16 1.796E-16 2.624E-16 3.674E-16
 4.873E-16 6.211E-16 8.095E-16 9.581E-16 8.767E-16 7.617E-16 6.333E-16 4.921E-16
 3.146E-16 1.017E-16 5.479E-19 1.218E-18 2.203E-18 3.458E-18 4.869E-18 6.354E-18
 8.088E-18 1.104E-17 1.730E-17 2.993E-17 5.205E-17 8.524E-17 1.323E-16 1.973E-16
 2.912E-16 4.250E-16 6.120E-16 8.629E-16 1.087E-15 1.087E-15 1.060E-15 1.025E-15
 9.810E-16 9.237E-16 8.492E-16 7.537E-16 6.297E-16 4.761E-16 2.857E-16 8.980E-17
 6.228E-17 9.476E-17 1.416E-16 2.052E-16 2.699E-16 2.769E-16 2.740E-16 2.698E-16
 2.643E-16 2.570E-16 2.477E-16 2.352E-16 2.181E-16 1.952E-16 1.647E-16 1.261E-16
 7.799E-17 2.262E-17 0.000E+00 0.000E+00 0.000E+00 0.000E+00 0.000E+00 0.000E+00
 0.000E+00 0.000E+00 0.000E+00 0.000E+00 0.000E+00 0.000E+00 0.000E+00 0.000E+00
 0.000E+00 0.000E+00 0.000E+00 0.000E+00 0.000E+00 0.000E+00 0.000E+00 0.000E+00
 0.000E+00 0.000E+00 0.000E+00 0.000E+00 0.000E+00 0.000E+00 0.000E+00 0.000E+00
 0.000E+00 0.000E+00 0.000E+00 0.000E+00
                                   Total (all groups):  2.249E-14 neutrons/sec-cm**3   .
                               Average Neutron Energy:  3.296E+00 MeV.


 (a,n) neutrons/sec-cc from  6.34600E+14 at/cc th232  alphas on mg 26  in target
 5.498E-17 2.101E-16 4.192E-16 4.984E-16 5.220E-16 5.553E-16 6.673E-16 9.237E-16
 1.061E-15 1.104E-15 1.179E-15 1.203E-15 1.027E-15 8.702E-16 8.518E-16 8.648E-16
 8.935E-16 9.588E-16 9.759E-16 9.160E-16 8.469E-16 7.668E-16 6.672E-16 5.511E-16
 4.171E-16 3.004E-16 3.738E-16 5.479E-16 7.693E-16 9.187E-16 9.011E-16 8.715E-16
 8.308E-16 7.714E-16 6.896E-16 5.811E-16 4.468E-16 2.840E-16 9.703E-17 2.688E-19
 0.000E+00 0.000E+00 0.000E+00 0.000E+00 0.000E+00 0.000E+00 0.000E+00 0.000E+00
 0.000E+00 0.000E+00 0.000E+00 0.000E+00 0.000E+00 0.000E+00 0.000E+00 0.000E+00
 0.000E+00 0.000E+00 0.000E+00 0.000E+00 0.000E+00 0.000E+00 0.000E+00 0.000E+00
 0.000E+00 0.000E+00 0.000E+00 0.000E+00 0.000E+00 0.000E+00 0.000E+00 0.000E+00
 0.000E+00 0.000E+00 0.000E+00 0.000E+00 0.000E+00 0.000E+00 0.000E+00 0.000E+00
 0.000E+00 0.000E+00 0.000E+00 0.000E+00 0.000E+00 0.000E+00 0.000E+00 0.000E+00
 0.000E+00 0.000E+00 0.000E+00 0.000E+00 0.000E+00 0.000E+00 0.000E+00 0.000E+00
 0.000E+00 0.000E+00 0.000E+00 0.000E+00
                                   Total (all groups):  2.739E-14 neutrons/sec-cm**3   .
                               Average Neutron Energy:  1.898E+00 MeV.


 (a,n) neutrons/sec-cc from  6.34600E+14 at/cc th232  alphas on al 27  in target
 1.042E-15 1.296E-15 9.627E-16 1.984E-15 4.660E-15 7.515E-15 8.599E-15 7.181E-15
 5.075E-15 2.796E-15 6.919E-16 0.000E+00 0.000E+00 0.000E+00 0.000E+00 0.000E+00
 0.000E+00 0.000E+00 0.000E+00 0.000E+00 0.000E+00 0.000E+00 0.000E+00 0.000E+00
 0.000E+00 0.000E+00 0.000E+00 0.000E+00 0.000E+00 0.000E+00 0.000E+00 0.000E+00
 0.000E+00 0.000E+00 0.000E+00 0.000E+00 0.000E+00 0.000E+00 0.000E+00 0.000E+00
 0.000E+00 0.000E+00 0.000E+00 0.000E+00 0.000E+00 0.000E+00 0.000E+00 0.000E+00
 0.000E+00 0.000E+00 0.000E+00 0.000E+00 0.000E+00 0.000E+00 0.000E+00 0.000E+00
 0.000E+00 0.000E+00 0.000E+00 0.000E+00 0.000E+00 0.000E+00 0.000E+00 0.000E+00
 0.000E+00 0.000E+00 0.000E+00 0.000E+00 0.000E+00 0.000E+00 0.000E+00 0.000E+00
 0.000E+00 0.000E+00 0.000E+00 0.000E+00 0.000E+00 0.000E+00 0.000E+00 0.000E+00
 0.000E+00 0.000E+00 0.000E+00 0.000E+00 0.000E+00 0.000E+00 0.000E+00 0.000E+00
 0.000E+00 0.000E+00 0.000E+00 0.000E+00 0.000E+00 0.000E+00 0.000E+00 0.000E+00
 0.000E+00 0.000E+00 0.000E+00 0.000E+00
                                   Total (all groups):  4.180E-14 neutrons/sec-cm**3   .
                               Average Neutron Energy:  6.239E-01 MeV.


 (a,n) neutrons/sec-cc from  6.34600E+14 at/cc th232  alphas on si 29  in target
 1.140E-17 3.591E-17 6.189E-17 8.932E-17 1.182E-16 1.485E-16 1.802E-16 2.234E-16
 3.020E-16 4.206E-16 5.924E-16 9.440E-16 1.457E-15 3.491E-15 9.872E-15 1.743E-14
 1.998E-14 1.964E-14 1.904E-14 1.701E-14 1.213E-14 5.684E-15 1.124E-15 0.000E+00
 0.000E+00 0.000E+00 0.000E+00 0.000E+00 0.000E+00 0.000E+00 0.000E+00 0.000E+00
 0.000E+00 0.000E+00 0.000E+00 0.000E+00 0.000E+00 0.000E+00 0.000E+00 0.000E+00
 0.000E+00 0.000E+00 0.000E+00 0.000E+00 0.000E+00 0.000E+00 0.000E+00 0.000E+00
 0.000E+00 0.000E+00 0.000E+00 0.000E+00 0.000E+00 0.000E+00 0.000E+00 0.000E+00
 0.000E+00 0.000E+00 0.000E+00 0.000E+00 0.000E+00 0.000E+00 0.000E+00 0.000E+00
 0.000E+00 0.000E+00 0.000E+00 0.000E+00 0.000E+00 0.000E+00 0.000E+00 0.000E+00
 0.000E+00 0.000E+00 0.000E+00 0.000E+00 0.000E+00 0.000E+00 0.000E+00 0.000E+00
 0.000E+00 0.000E+00 0.000E+00 0.000E+00 0.000E+00 0.000E+00 0.000E+00 0.000E+00
 0.000E+00 0.000E+00 0.000E+00 0.000E+00 0.000E+00 0.000E+00 0.000E+00 0.000E+00
 0.000E+00 0.000E+00 0.000E+00 0.000E+00
                                   Total (all groups):  1.300E-13 neutrons/sec-cm**3   .
                               Average Neutron Energy:  1.739E+00 MeV.


 (a,n) neutrons/sec-cc from  6.34600E+14 at/cc th232  alphas on si 30  in target
 3.388E-16 6.863E-18 0.000E+00 0.000E+00 0.000E+00 0.000E+00 0.000E+00 0.000E+00
 0.000E+00 0.000E+00 0.000E+00 0.000E+00 0.000E+00 0.000E+00 0.000E+00 0.000E+00
 0.000E+00 0.000E+00 0.000E+00 0.000E+00 0.000E+00 0.000E+00 0.000E+00 0.000E+00
 0.000E+00 0.000E+00 0.000E+00 0.000E+00 0.000E+00 0.000E+00 0.000E+00 0.000E+00
 0.000E+00 0.000E+00 0.000E+00 0.000E+00 0.000E+00 0.000E+00 0.000E+00 0.000E+00
 0.000E+00 0.000E+00 0.000E+00 0.000E+00 0.000E+00 0.000E+00 0.000E+00 0.000E+00
 0.000E+00 0.000E+00 0.000E+00 0.000E+00 0.000E+00 0.000E+00 0.000E+00 0.000E+00
 0.000E+00 0.000E+00 0.000E+00 0.000E+00 0.000E+00 0.000E+00 0.000E+00 0.000E+00
 0.000E+00 0.000E+00 0.000E+00 0.000E+00 0.000E+00 0.000E+00 0.000E+00 0.000E+00
 0.000E+00 0.000E+00 0.000E+00 0.000E+00 0.000E+00 0.000E+00 0.000E+00 0.000E+00
 0.000E+00 0.000E+00 0.000E+00 0.000E+00 0.000E+00 0.000E+00 0.000E+00 0.000E+00
 0.000E+00 0.000E+00 0.000E+00 0.000E+00 0.000E+00 0.000E+00 0.000E+00 0.000E+00
 0.000E+00 0.000E+00 0.000E+00 0.000E+00
                                   Total (all groups):  3.457E-16 neutrons/sec-cm**3   .
                               Average Neutron Energy:  4.586E-02 MeV.

--------------------------------------------------------------------------------



 Grand total (alpha,n) neutron spectrum, all targets, all sources
 4.693E-15 7.125E-15 8.730E-15 9.082E-15 1.116E-14 1.283E-14 1.272E-14 1.195E-14
 1.086E-14 9.719E-15 9.631E-15 1.155E-14 1.467E-14 1.880E-14 2.983E-14 4.274E-14
 4.892E-14 5.034E-14 5.277E-14 5.148E-14 4.431E-14 3.612E-14 2.966E-14 2.450E-14
 2.087E-14 1.687E-14 1.228E-14 9.184E-15 7.442E-15 4.440E-15 2.067E-15 1.815E-15
 1.858E-15 1.925E-15 1.990E-15 2.059E-15 2.097E-15 1.912E-15 1.662E-15 1.483E-15
 1.367E-15 1.211E-15 1.030E-15 8.529E-16 6.770E-16 5.164E-16 3.218E-16 1.236E-16
 9.324E-17 1.226E-16 1.671E-16 2.291E-16 2.910E-16 2.948E-16 2.860E-16 2.762E-16
 2.688E-16 2.610E-16 2.498E-16 2.356E-16 2.181E-16 1.952E-16 1.647E-16 1.261E-16
 7.799E-17 2.262E-17 0.000E+00 0.000E+00 0.000E+00 0.000E+00 0.000E+00 0.000E+00
 0.000E+00 0.000E+00 0.000E+00 0.000E+00 0.000E+00 0.000E+00 0.000E+00 0.000E+00
 0.000E+00 0.000E+00 0.000E+00 0.000E+00 0.000E+00 0.000E+00 0.000E+00 0.000E+00
 0.000E+00 0.000E+00 0.000E+00 0.000E+00 0.000E+00 0.000E+00 0.000E+00 0.000E+00
 0.000E+00 0.000E+00 0.000E+00 0.000E+00
                                   Total (all groups):  6.638E-13 neutrons/sec-cm**3   .
                               Average Neutron Energy:  1.791E+00 MeV.
 

--------------------------------------------------------------------------------

--------------------------------------------------------------------------------
 


 S.F. neutrons/cc from  6.34600E+14 at/cc th232 
 5.910E-16 1.040E-15 1.285E-15 1.445E-15 1.548E-15 1.611E-15 1.643E-15 1.650E-15
 1.637E-15 1.608E-15 1.567E-15 1.517E-15 1.459E-15 1.397E-15 1.331E-15 1.263E-15
 1.194E-15 1.124E-15 1.056E-15 9.890E-16 9.237E-16 8.607E-16 8.002E-16 7.423E-16
 6.873E-16 6.352E-16 5.860E-16 5.397E-16 4.963E-16 4.557E-16 4.179E-16 3.827E-16
 3.500E-16 3.197E-16 2.917E-16 2.658E-16 2.420E-16 2.201E-16 2.000E-16 1.816E-16
 1.647E-16 1.492E-16 1.351E-16 1.222E-16 1.105E-16 9.980E-17 9.008E-17 8.125E-17
 7.324E-17 6.597E-17 5.938E-17 5.342E-17 4.803E-17 4.316E-17 3.876E-17 3.479E-17
 3.121E-17 2.798E-17 2.507E-17 2.246E-17 2.010E-17 1.799E-17 1.609E-17 1.438E-17
 1.285E-17 1.148E-17 1.025E-17 9.147E-18 8.160E-18 7.277E-18 6.486E-18 5.780E-18
 5.148E-18 4.585E-18 4.080E-18 3.631E-18 3.228E-18 2.872E-18 2.552E-18 2.268E-18
 2.014E-18 1.789E-18 1.588E-18 1.409E-18 1.251E-18 1.109E-18 9.838E-19 8.725E-19
 7.719E-19 6.848E-19 6.067E-19 5.370E-19 4.762E-19 4.202E-19 3.731E-19 3.287E-19
 2.922E-19 2.578E-19 2.271E-19 2.012E-19
                                   Total (all groups):  3.821E-14 neutrons/sec-cm**3   .
                               Average Neutron Energy:  1.597E+00 MeV.
 

--------------------------------------------------------------------------------




 Total Neutron Spectrum
 5.284E-15 8.165E-15 1.001E-14 1.053E-14 1.271E-14 1.445E-14 1.436E-14 1.360E-14
 1.250E-14 1.133E-14 1.120E-14 1.306E-14 1.612E-14 2.019E-14 3.116E-14 4.400E-14
 5.012E-14 5.146E-14 5.383E-14 5.246E-14 4.523E-14 3.698E-14 3.046E-14 2.524E-14
 2.155E-14 1.751E-14 1.287E-14 9.724E-15 7.938E-15 4.896E-15 2.485E-15 2.198E-15
 2.208E-15 2.245E-15 2.281E-15 2.324E-15 2.339E-15 2.132E-15 1.862E-15 1.664E-15
 1.532E-15 1.360E-15 1.166E-15 9.751E-16 7.875E-16 6.162E-16 4.119E-16 2.049E-16
 1.665E-16 1.885E-16 2.265E-16 2.825E-16 3.390E-16 3.380E-16 3.248E-16 3.110E-16
 3.000E-16 2.890E-16 2.748E-16 2.580E-16 2.382E-16 2.132E-16 1.808E-16 1.405E-16
 9.085E-17 3.410E-17 1.025E-17 9.147E-18 8.160E-18 7.277E-18 6.486E-18 5.780E-18
 5.148E-18 4.585E-18 4.080E-18 3.631E-18 3.228E-18 2.872E-18 2.552E-18 2.268E-18
 2.014E-18 1.789E-18 1.588E-18 1.409E-18 1.251E-18 1.109E-18 9.838E-19 8.725E-19
 7.719E-19 6.848E-19 6.067E-19 5.370E-19 4.762E-19 4.202E-19 3.731E-19 3.287E-19
 2.922E-19 2.578E-19 2.271E-19 2.012E-19
                                   Total (all groups):  7.020E-13 neutrons/sec-cm**3   .
                               Average Neutron Energy:  1.780E+00 MeV.
 7.526E-03 1.163E-02 1.426E-02 1.499E-02 1.811E-02 2.058E-02 2.045E-02 1.938E-02
 1.781E-02 1.613E-02 1.595E-02 1.861E-02 2.297E-02 2.876E-02 4.438E-02 6.267E-02
 7.138E-02 7.330E-02 7.668E-02 7.473E-02 6.442E-02 5.268E-02 4.339E-02 3.595E-02
 3.070E-02 2.494E-02 1.833E-02 1.385E-02 1.131E-02 6.974E-03 3.540E-03 3.131E-03
 3.145E-03 3.197E-03 3.250E-03 3.311E-03 3.331E-03 3.036E-03 2.652E-03 2.370E-03
 2.182E-03 1.938E-03 1.660E-03 1.389E-03 1.122E-03 8.777E-04 5.867E-04 2.918E-04
 2.371E-04 2.686E-04 3.226E-04 4.025E-04 4.829E-04 4.814E-04 4.626E-04 4.429E-04
 4.273E-04 4.116E-04 3.915E-04 3.675E-04 3.393E-04 3.036E-04 2.575E-04 2.001E-04
 1.294E-04 4.857E-05 1.460E-05 1.303E-05 1.162E-05 1.037E-05 9.238E-06 8.233E-06
 7.332E-06 6.531E-06 5.811E-06 5.172E-06 4.598E-06 4.091E-06 3.635E-06 3.231E-06
 2.869E-06 2.549E-06 2.262E-06 2.008E-06 1.782E-06 1.580E-06 1.401E-06 1.243E-06
 1.100E-06 9.754E-07 8.642E-07 7.649E-07 6.782E-07 5.985E-07 5.314E-07 4.681E-07
 4.163E-07 3.671E-07 3.235E-07 2.866E-07
