Energy	   a,n        S.F.       tot
0.0000e+00 4.6930e-15 5.9100e-16 5.2840e-15
1.0000e-01 7.1250e-15 1.0400e-15 8.1650e-15
2.0000e-01 8.7300e-15 1.2850e-15 1.0010e-14
3.0000e-01 9.0820e-15 1.4450e-15 1.0530e-14
4.0000e-01 1.1160e-14 1.5480e-15 1.2710e-14
5.0000e-01 1.2830e-14 1.6110e-15 1.4450e-14
6.0000e-01 1.2720e-14 1.6430e-15 1.4360e-14
8.0000e-01 1.0860e-14 1.6370e-15 1.2500e-14
9.0000e-01 9.7190e-15 1.6080e-15 1.1330e-14
1.0000e+00 9.6310e-15 1.5670e-15 1.1200e-14
1.1000e+00 1.1550e-14 1.5170e-15 1.3060e-14
1.2000e+00 1.4670e-14 1.4590e-15 1.6120e-14
1.3000e+00 1.8800e-14 1.3970e-15 2.0190e-14
1.4000e+00 2.9830e-14 1.3310e-15 3.1160e-14
1.6000e+00 4.8920e-14 1.1940e-15 5.0120e-14
1.7000e+00 5.0340e-14 1.1240e-15 5.1460e-14
1.8000e+00 5.2770e-14 1.0560e-15 5.3830e-14
1.9000e+00 5.1480e-14 9.8900e-16 5.2460e-14
2.0000e+00 4.4310e-14 9.2370e-16 4.5230e-14
2.1000e+00 3.6120e-14 8.6070e-16 3.6980e-14
2.2000e+00 2.9660e-14 8.0020e-16 3.0460e-14
2.4000e+00 2.0870e-14 6.8730e-16 2.1550e-14
2.5000e+00 1.6870e-14 6.3520e-16 1.7510e-14
2.6000e+00 1.2280e-14 5.8600e-16 1.2870e-14
2.7000e+00 9.1840e-15 5.3970e-16 9.7240e-15
2.8000e+00 7.4420e-15 4.9630e-16 7.9380e-15
2.9000e+00 4.4400e-15 4.5570e-16 4.8960e-15
3.0000e+00 2.0670e-15 4.1790e-16 2.4850e-15
3.2000e+00 1.8580e-15 3.5000e-16 2.2080e-15
3.3000e+00 1.9250e-15 3.1970e-16 2.2450e-15
3.4000e+00 1.9900e-15 2.9170e-16 2.2810e-15
3.5000e+00 2.0590e-15 2.6580e-16 2.3240e-15
3.6000e+00 2.0970e-15 2.4200e-16 2.3390e-15
3.7000e+00 1.9120e-15 2.2010e-16 2.1320e-15
3.8000e+00 1.6620e-15 2.0000e-16 1.8620e-15
4.0000e+00 1.3670e-15 1.6470e-16 1.5320e-15
4.1000e+00 1.2110e-15 1.4920e-16 1.3600e-15
4.2000e+00 1.0300e-15 1.3510e-16 1.1660e-15
4.3000e+00 8.5290e-16 1.2220e-16 9.7510e-16
4.4000e+00 6.7700e-16 1.1050e-16 7.8750e-16
4.5000e+00 5.1640e-16 9.9800e-17 6.1620e-16
4.6000e+00 3.2180e-16 9.0080e-17 4.1190e-16
4.8000e+00 9.3240e-17 7.3240e-17 1.6650e-16
4.9000e+00 1.2260e-16 6.5970e-17 1.8850e-16
5.0000e+00 1.6710e-16 5.9380e-17 2.2650e-16
5.1000e+00 2.2910e-16 5.3420e-17 2.8250e-16
5.2000e+00 2.9100e-16 4.8030e-17 3.3900e-16
5.3000e+00 2.9480e-16 4.3160e-17 3.3800e-16
5.4000e+00 2.8600e-16 3.8760e-17 3.2480e-16
5.6000e+00 2.6880e-16 3.1210e-17 3.0000e-16
5.7000e+00 2.6100e-16 2.7980e-17 2.8900e-16
5.8000e+00 2.4980e-16 2.5070e-17 2.7480e-16
5.9000e+00 2.3560e-16 2.2460e-17 2.5800e-16
6.0000e+00 2.1810e-16 2.0100e-17 2.3820e-16
6.1000e+00 1.9520e-16 1.7990e-17 2.1320e-16
6.2000e+00 1.6470e-16 1.6090e-17 1.8080e-16
6.4000e+00 7.7990e-17 1.2850e-17 9.0850e-17
6.5000e+00 2.2620e-17 1.1480e-17 3.4100e-17
6.6000e+00 0.0000e+00 1.0250e-17 1.0250e-17
6.7000e+00 0.0000e+00 9.1470e-18 9.1470e-18
6.8000e+00 0.0000e+00 8.1600e-18 8.1600e-18
6.9000e+00 0.0000e+00 7.2770e-18 7.2770e-18
7.0000e+00 0.0000e+00 6.4860e-18 6.4860e-18
7.2000e+00 0.0000e+00 5.1480e-18 5.1480e-18
7.3000e+00 0.0000e+00 4.5850e-18 4.5850e-18
7.4000e+00 0.0000e+00 4.0800e-18 4.0800e-18
7.5000e+00 0.0000e+00 3.6310e-18 3.6310e-18
7.6000e+00 0.0000e+00 3.2280e-18 3.2280e-18
7.7000e+00 0.0000e+00 2.8720e-18 2.8720e-18
7.8000e+00 0.0000e+00 2.5520e-18 2.5520e-18
8.0000e+00 0.0000e+00 2.0140e-18 2.0140e-18
8.1000e+00 0.0000e+00 1.7890e-18 1.7890e-18
8.2000e+00 0.0000e+00 1.5880e-18 1.5880e-18
8.3000e+00 0.0000e+00 1.4090e-18 1.4090e-18
8.4000e+00 0.0000e+00 1.2510e-18 1.2510e-18
8.5000e+00 0.0000e+00 1.1090e-18 1.1090e-18
8.6000e+00 0.0000e+00 9.8380e-19 9.8380e-19
8.8000e+00 0.0000e+00 7.7190e-19 7.7190e-19
8.9000e+00 0.0000e+00 6.8480e-19 6.8480e-19
9.0000e+00 0.0000e+00 6.0670e-19 6.0670e-19
9.1000e+00 0.0000e+00 5.3700e-19 5.3700e-19
9.2000e+00 0.0000e+00 4.7620e-19 4.7620e-19
9.3000e+00 0.0000e+00 4.2020e-19 4.2020e-19
9.4000e+00 0.0000e+00 3.7310e-19 3.7310e-19
9.6000e+00 0.0000e+00 2.9220e-19 2.9220e-19
9.7000e+00 0.0000e+00 2.5780e-19 2.5780e-19
9.8000e+00 0.0000e+00 2.2710e-19 2.2710e-19
