SOURCES 4C Calculation
<<<<<<<<<<<>>>>>>>>>>>



                       Absolute Neutron Source Spectra
                       ~~~~~~~~~~~~~~~~~~~~~~~~~~~~~~~

Title: Bulk Shotcrete problem: N. Abgrall et al., Nucl. Instr. and Meth. A 828 (2016

 Neutron Multigroup Structure (MeV)
 0.000E+00 1.000E-01 2.000E-01 3.000E-01 4.000E-01 5.000E-01 6.000E-01 7.000E-01
 8.000E-01 9.000E-01 1.000E+00 1.100E+00 1.200E+00 1.300E+00 1.400E+00 1.500E+00
 1.600E+00 1.700E+00 1.800E+00 1.900E+00 2.000E+00 2.100E+00 2.200E+00 2.300E+00
 2.400E+00 2.500E+00 2.600E+00 2.700E+00 2.800E+00 2.900E+00 3.000E+00 3.100E+00
 3.200E+00 3.300E+00 3.400E+00 3.500E+00 3.600E+00 3.700E+00 3.800E+00 3.900E+00
 4.000E+00 4.100E+00 4.200E+00 4.300E+00 4.400E+00 4.500E+00 4.600E+00 4.700E+00
 4.800E+00 4.900E+00 5.000E+00 5.100E+00 5.200E+00 5.300E+00 5.400E+00 5.500E+00
 5.600E+00 5.700E+00 5.800E+00 5.900E+00 6.000E+00 6.100E+00 6.200E+00 6.300E+00
 6.400E+00 6.500E+00 6.600E+00 6.700E+00 6.800E+00 6.900E+00 7.000E+00 7.100E+00
 7.200E+00 7.300E+00 7.400E+00 7.500E+00 7.600E+00 7.700E+00 7.800E+00 7.900E+00
 8.000E+00 8.100E+00 8.200E+00 8.300E+00 8.400E+00 8.500E+00 8.600E+00 8.700E+00
 8.800E+00 8.900E+00 9.000E+00 9.100E+00 9.200E+00 9.300E+00 9.400E+00 9.500E+00
 9.600E+00 9.700E+00 9.800E+00 9.900E+00 1.000E+01

--------------------------------------------------------------------------------


 (a,n) neutrons/sec-cc from  7.94266E-02 at/cc rn220  alphas on  c 13  in target
 3.908E-17 6.924E-17 8.961E-17 1.033E-16 1.043E-16 9.576E-17 8.669E-17 7.727E-17
 6.757E-17 5.759E-17 4.738E-17 3.692E-17 2.618E-17 1.517E-17 4.386E-18 4.163E-19
 0.000E+00 0.000E+00 0.000E+00 0.000E+00 9.883E-21 3.814E-20 5.795E-20 7.816E-20
 1.240E-19 2.507E-19 5.388E-19 8.382E-19 1.534E-18 3.971E-18 1.034E-17 1.977E-17
 2.521E-17 3.049E-17 3.416E-17 3.903E-17 4.841E-17 5.338E-17 5.550E-17 5.724E-17
 5.764E-17 5.812E-17 5.941E-17 5.887E-17 5.741E-17 6.042E-17 6.753E-17 7.616E-17
 8.412E-17 9.169E-17 9.993E-17 1.084E-16 1.089E-16 1.057E-16 9.985E-17 9.419E-17
 9.231E-17 9.184E-17 8.991E-17 8.816E-17 8.788E-17 8.743E-17 8.672E-17 8.623E-17
 8.426E-17 8.239E-17 8.108E-17 7.941E-17 7.770E-17 7.568E-17 7.044E-17 6.459E-17
 5.797E-17 5.165E-17 4.562E-17 3.949E-17 3.338E-17 2.732E-17 2.130E-17 1.532E-17
 9.402E-18 3.616E-18 6.300E-20 0.000E+00 0.000E+00 0.000E+00 0.000E+00 0.000E+00
 0.000E+00 0.000E+00 0.000E+00 0.000E+00 0.000E+00 0.000E+00 0.000E+00 0.000E+00
 0.000E+00 0.000E+00 0.000E+00 0.000E+00
                                   Total (all groups):  4.221E-15 neutrons/sec-cm**3   .
                               Average Neutron Energy:  4.495E+00 MeV.


 (a,n) neutrons/sec-cc from  4.46916E+02 at/cc ra224  alphas on  c 13  in target
 3.143E-17 5.426E-17 5.260E-17 4.530E-17 3.666E-17 2.795E-17 1.922E-17 1.033E-17
 2.374E-18 2.200E-19 0.000E+00 0.000E+00 0.000E+00 0.000E+00 0.000E+00 0.000E+00
 0.000E+00 0.000E+00 0.000E+00 0.000E+00 9.778E-21 3.773E-20 5.733E-20 7.732E-20
 1.227E-19 2.480E-19 5.329E-19 8.291E-19 1.518E-18 3.929E-18 1.023E-17 1.956E-17
 2.494E-17 3.016E-17 3.380E-17 3.861E-17 4.790E-17 5.282E-17 5.491E-17 5.663E-17
 5.702E-17 5.750E-17 5.877E-17 5.824E-17 5.679E-17 5.977E-17 6.681E-17 7.524E-17
 8.188E-17 8.069E-17 7.839E-17 7.683E-17 7.406E-17 7.090E-17 6.513E-17 5.953E-17
 5.767E-17 5.721E-17 5.529E-17 5.356E-17 5.329E-17 5.283E-17 5.214E-17 5.165E-17
 4.971E-17 4.786E-17 4.656E-17 4.491E-17 4.322E-17 4.122E-17 3.603E-17 3.024E-17
 2.369E-17 1.744E-17 1.155E-17 5.773E-18 7.285E-19 0.000E+00 0.000E+00 0.000E+00
 0.000E+00 0.000E+00 0.000E+00 0.000E+00 0.000E+00 0.000E+00 0.000E+00 0.000E+00
 0.000E+00 0.000E+00 0.000E+00 0.000E+00 0.000E+00 0.000E+00 0.000E+00 0.000E+00
 0.000E+00 0.000E+00 0.000E+00 0.000E+00
                                   Total (all groups):  2.567E-15 neutrons/sec-cm**3   .
                               Average Neutron Energy:  4.670E+00 MeV.


 (a,n) neutrons/sec-cc from  8.61085E+04 at/cc th228  alphas on  c 13  in target
 2.467E-17 2.784E-17 2.418E-17 1.686E-17 8.487E-18 2.128E-18 2.464E-19 0.000E+00
 0.000E+00 0.000E+00 0.000E+00 0.000E+00 0.000E+00 0.000E+00 0.000E+00 0.000E+00
 0.000E+00 0.000E+00 0.000E+00 0.000E+00 9.869E-21 3.808E-20 5.786E-20 7.804E-20
 1.239E-19 2.503E-19 5.379E-19 8.368E-19 1.532E-18 3.965E-18 1.032E-17 1.974E-17
 2.517E-17 3.044E-17 3.411E-17 3.897E-17 4.834E-17 5.331E-17 5.542E-17 5.715E-17
 5.755E-17 5.804E-17 5.932E-17 5.878E-17 5.732E-17 6.033E-17 6.731E-17 7.147E-17
 6.880E-17 6.567E-17 6.334E-17 6.177E-17 5.898E-17 5.578E-17 4.996E-17 4.431E-17
 4.243E-17 4.196E-17 4.003E-17 3.828E-17 3.801E-17 3.755E-17 3.685E-17 3.635E-17
 3.439E-17 3.253E-17 3.121E-17 2.955E-17 2.784E-17 2.582E-17 2.059E-17 1.475E-17
 8.164E-18 2.400E-18 4.003E-21 0.000E+00 0.000E+00 0.000E+00 0.000E+00 0.000E+00
 0.000E+00 0.000E+00 0.000E+00 0.000E+00 0.000E+00 0.000E+00 0.000E+00 0.000E+00
 0.000E+00 0.000E+00 0.000E+00 0.000E+00 0.000E+00 0.000E+00 0.000E+00 0.000E+00
 0.000E+00 0.000E+00 0.000E+00 0.000E+00
                                   Total (all groups):  1.982E-15 neutrons/sec-cm**3   .
                               Average Neutron Energy:  4.734E+00 MeV.


 (a,n) neutrons/sec-cc from  6.34600E+14 at/cc th232  alphas on  c 13  in target
 0.000E+00 0.000E+00 0.000E+00 0.000E+00 0.000E+00 0.000E+00 0.000E+00 0.000E+00
 0.000E+00 0.000E+00 0.000E+00 0.000E+00 0.000E+00 0.000E+00 0.000E+00 0.000E+00
 0.000E+00 0.000E+00 0.000E+00 0.000E+00 9.909E-21 3.824E-20 5.810E-20 7.835E-20
 1.244E-19 2.513E-19 5.399E-19 8.401E-19 1.538E-18 3.981E-18 1.037E-17 1.982E-17
 2.527E-17 3.057E-17 3.425E-17 3.913E-17 4.854E-17 5.352E-17 5.565E-17 5.735E-17
 5.695E-17 5.600E-17 5.390E-17 5.064E-17 4.591E-17 4.031E-17 3.613E-17 3.383E-17
 3.096E-17 2.781E-17 2.548E-17 2.390E-17 2.110E-17 1.789E-17 1.204E-17 6.368E-18
 4.483E-18 4.014E-18 2.073E-18 3.178E-19 6.641E-20 0.000E+00 0.000E+00 0.000E+00
 0.000E+00 0.000E+00 0.000E+00 0.000E+00 0.000E+00 0.000E+00 0.000E+00 0.000E+00
 0.000E+00 0.000E+00 0.000E+00 0.000E+00 0.000E+00 0.000E+00 0.000E+00 0.000E+00
 0.000E+00 0.000E+00 0.000E+00 0.000E+00 0.000E+00 0.000E+00 0.000E+00 0.000E+00
 0.000E+00 0.000E+00 0.000E+00 0.000E+00 0.000E+00 0.000E+00 0.000E+00 0.000E+00
 0.000E+00 0.000E+00 0.000E+00 0.000E+00
                                   Total (all groups):  9.321E-16 neutrons/sec-cm**3   .
                               Average Neutron Energy:  4.199E+00 MeV.



 Total (alpha,n) neutron spectrum this target
 9.517E-17 1.513E-16 1.664E-16 1.654E-16 1.494E-16 1.258E-16 1.062E-16 8.760E-17
 6.994E-17 5.782E-17 4.738E-17 3.692E-17 2.618E-17 1.517E-17 4.386E-18 4.163E-19
 0.000E+00 0.000E+00 0.000E+00 0.000E+00 3.944E-20 1.522E-19 2.312E-19 3.119E-19
 4.950E-19 1.000E-18 2.150E-18 3.344E-18 6.122E-18 1.585E-17 4.126E-17 7.888E-17
 1.006E-16 1.217E-16 1.363E-16 1.557E-16 1.932E-16 2.130E-16 2.215E-16 2.284E-16
 2.292E-16 2.297E-16 2.314E-16 2.265E-16 2.174E-16 2.208E-16 2.378E-16 2.567E-16
 2.658E-16 2.659E-16 2.671E-16 2.710E-16 2.630E-16 2.502E-16 2.270E-16 2.044E-16
 1.969E-16 1.950E-16 1.873E-16 1.803E-16 1.792E-16 1.778E-16 1.757E-16 1.742E-16
 1.684E-16 1.628E-16 1.588E-16 1.539E-16 1.488E-16 1.427E-16 1.271E-16 1.096E-16
 8.983E-17 7.150E-17 5.717E-17 4.526E-17 3.411E-17 2.732E-17 2.130E-17 1.532E-17
 9.402E-18 3.616E-18 6.300E-20 0.000E+00 0.000E+00 0.000E+00 0.000E+00 0.000E+00
 0.000E+00 0.000E+00 0.000E+00 0.000E+00 0.000E+00 0.000E+00 0.000E+00 0.000E+00
 0.000E+00 0.000E+00 0.000E+00 0.000E+00
                                   Total (all groups):  9.703E-15 neutrons/sec-cm**3   .
                               Average Neutron Energy:  4.562E+00 MeV.
 

--------------------------------------------------------------------------------
 


 (a,n) neutrons/sec-cc from  7.94266E-02 at/cc rn220  alphas on  o 17  in target
 7.589E-16 1.509E-15 2.155E-15 2.711E-15 3.061E-15 3.433E-15 3.743E-15 3.999E-15
 4.203E-15 3.984E-15 3.934E-15 3.733E-15 3.635E-15 3.705E-15 3.954E-15 4.174E-15
 4.469E-15 4.480E-15 4.249E-15 4.152E-15 4.440E-15 4.698E-15 5.044E-15 5.379E-15
 5.641E-15 5.819E-15 6.078E-15 6.210E-15 6.450E-15 6.739E-15 6.737E-15 6.608E-15
 6.398E-15 6.154E-15 5.929E-15 5.693E-15 5.393E-15 5.156E-15 4.817E-15 4.494E-15
 4.163E-15 3.817E-15 3.468E-15 3.136E-15 2.712E-15 2.278E-15 1.872E-15 1.485E-15
 1.164E-15 1.084E-15 1.019E-15 9.579E-16 9.080E-16 8.455E-16 7.779E-16 6.962E-16
 6.193E-16 5.464E-16 4.765E-16 4.085E-16 3.412E-16 2.748E-16 2.091E-16 1.443E-16
 7.978E-17 1.770E-17 0.000E+00 0.000E+00 0.000E+00 0.000E+00 0.000E+00 0.000E+00
 0.000E+00 0.000E+00 0.000E+00 0.000E+00 0.000E+00 0.000E+00 0.000E+00 0.000E+00
 0.000E+00 0.000E+00 0.000E+00 0.000E+00 0.000E+00 0.000E+00 0.000E+00 0.000E+00
 0.000E+00 0.000E+00 0.000E+00 0.000E+00 0.000E+00 0.000E+00 0.000E+00 0.000E+00
 0.000E+00 0.000E+00 0.000E+00 0.000E+00
                                   Total (all groups):  2.174E-13 neutrons/sec-cm**3   .
                               Average Neutron Energy:  2.656E+00 MeV.


 (a,n) neutrons/sec-cc from  4.46916E+02 at/cc ra224  alphas on  o 17  in target
 6.851E-16 1.191E-15 1.571E-15 1.923E-15 2.244E-15 2.496E-15 2.371E-15 2.174E-15
 1.960E-15 1.753E-15 1.826E-15 1.717E-15 1.638E-15 1.727E-15 2.189E-15 2.719E-15
 3.330E-15 3.667E-15 3.771E-15 4.006E-15 4.393E-15 4.647E-15 4.990E-15 5.321E-15
 5.578E-15 5.732E-15 5.723E-15 5.338E-15 5.068E-15 4.877E-15 4.752E-15 4.625E-15
 4.417E-15 4.175E-15 3.953E-15 3.719E-15 3.423E-15 3.189E-15 2.852E-15 2.527E-15
 2.134E-15 1.705E-15 1.290E-15 1.124E-15 1.025E-15 9.255E-16 8.497E-16 7.906E-16
 7.440E-16 6.964E-16 6.319E-16 5.717E-16 5.224E-16 4.605E-16 3.936E-16 3.128E-16
 2.368E-16 1.647E-16 9.789E-17 3.393E-17 3.668E-20 0.000E+00 0.000E+00 0.000E+00
 0.000E+00 0.000E+00 0.000E+00 0.000E+00 0.000E+00 0.000E+00 0.000E+00 0.000E+00
 0.000E+00 0.000E+00 0.000E+00 0.000E+00 0.000E+00 0.000E+00 0.000E+00 0.000E+00
 0.000E+00 0.000E+00 0.000E+00 0.000E+00 0.000E+00 0.000E+00 0.000E+00 0.000E+00
 0.000E+00 0.000E+00 0.000E+00 0.000E+00 0.000E+00 0.000E+00 0.000E+00 0.000E+00
 0.000E+00 0.000E+00 0.000E+00 0.000E+00
                                   Total (all groups):  1.490E-13 neutrons/sec-cm**3   .
                               Average Neutron Energy:  2.549E+00 MeV.


 (a,n) neutrons/sec-cc from  8.61085E+04 at/cc th228  alphas on  o 17  in target
 3.982E-16 8.769E-16 1.350E-15 1.757E-15 1.758E-15 1.687E-15 1.551E-15 1.353E-15
 1.137E-15 9.292E-16 1.026E-15 1.075E-15 1.279E-15 1.652E-15 2.210E-15 2.744E-15
 3.361E-15 3.701E-15 3.806E-15 4.044E-15 4.434E-15 4.691E-15 5.037E-15 5.368E-15
 5.465E-15 5.134E-15 4.862E-15 4.473E-15 4.201E-15 4.008E-15 3.882E-15 3.754E-15
 3.543E-15 3.300E-15 3.076E-15 2.839E-15 2.540E-15 2.302E-15 1.918E-15 1.510E-15
 1.243E-15 1.138E-15 1.034E-15 9.548E-16 8.551E-16 7.544E-16 6.779E-16 6.183E-16
 5.713E-16 5.232E-16 4.581E-16 3.973E-16 3.475E-16 2.850E-16 2.176E-16 1.361E-16
 6.042E-17 7.673E-18 0.000E+00 0.000E+00 0.000E+00 0.000E+00 0.000E+00 0.000E+00
 0.000E+00 0.000E+00 0.000E+00 0.000E+00 0.000E+00 0.000E+00 0.000E+00 0.000E+00
 0.000E+00 0.000E+00 0.000E+00 0.000E+00 0.000E+00 0.000E+00 0.000E+00 0.000E+00
 0.000E+00 0.000E+00 0.000E+00 0.000E+00 0.000E+00 0.000E+00 0.000E+00 0.000E+00
 0.000E+00 0.000E+00 0.000E+00 0.000E+00 0.000E+00 0.000E+00 0.000E+00 0.000E+00
 0.000E+00 0.000E+00 0.000E+00 0.000E+00
                                   Total (all groups):  1.243E-13 neutrons/sec-cm**3   .
                               Average Neutron Energy:  2.502E+00 MeV.


 (a,n) neutrons/sec-cc from  6.34600E+14 at/cc th232  alphas on  o 17  in target
 1.088E-18 3.761E-18 1.154E-17 3.188E-17 1.043E-16 2.056E-16 2.764E-16 3.435E-16
 4.070E-16 5.105E-16 8.896E-16 1.077E-15 1.284E-15 1.659E-15 2.218E-15 2.720E-15
 2.786E-15 2.582E-15 2.293E-15 2.128E-15 2.050E-15 1.897E-15 1.712E-15 1.436E-15
 1.123E-15 7.563E-16 5.093E-16 4.907E-16 6.380E-16 7.352E-16 7.453E-16 7.269E-16
 7.107E-16 6.979E-16 6.540E-16 5.754E-16 5.143E-16 4.870E-16 4.489E-16 4.002E-16
 3.290E-16 2.315E-16 1.273E-16 4.860E-17 1.465E-18 0.000E+00 0.000E+00 0.000E+00
 0.000E+00 0.000E+00 0.000E+00 0.000E+00 0.000E+00 0.000E+00 0.000E+00 0.000E+00
 0.000E+00 0.000E+00 0.000E+00 0.000E+00 0.000E+00 0.000E+00 0.000E+00 0.000E+00
 0.000E+00 0.000E+00 0.000E+00 0.000E+00 0.000E+00 0.000E+00 0.000E+00 0.000E+00
 0.000E+00 0.000E+00 0.000E+00 0.000E+00 0.000E+00 0.000E+00 0.000E+00 0.000E+00
 0.000E+00 0.000E+00 0.000E+00 0.000E+00 0.000E+00 0.000E+00 0.000E+00 0.000E+00
 0.000E+00 0.000E+00 0.000E+00 0.000E+00 0.000E+00 0.000E+00 0.000E+00 0.000E+00
 0.000E+00 0.000E+00 0.000E+00 0.000E+00
                                   Total (all groups):  3.958E-14 neutrons/sec-cm**3   .
                               Average Neutron Energy:  2.093E+00 MeV.



 Total (alpha,n) neutron spectrum this target
 1.843E-15 3.580E-15 5.088E-15 6.423E-15 7.167E-15 7.823E-15 7.941E-15 7.870E-15
 7.708E-15 7.176E-15 7.676E-15 7.602E-15 7.836E-15 8.743E-15 1.057E-14 1.236E-14
 1.395E-14 1.443E-14 1.412E-14 1.433E-14 1.532E-14 1.593E-14 1.678E-14 1.750E-14
 1.781E-14 1.744E-14 1.717E-14 1.651E-14 1.636E-14 1.636E-14 1.612E-14 1.571E-14
 1.507E-14 1.433E-14 1.361E-14 1.283E-14 1.187E-14 1.113E-14 1.004E-14 8.931E-15
 7.869E-15 6.892E-15 5.920E-15 5.263E-15 4.594E-15 3.958E-15 3.399E-15 2.894E-15
 2.480E-15 2.304E-15 2.109E-15 1.927E-15 1.778E-15 1.591E-15 1.389E-15 1.145E-15
 9.165E-16 7.187E-16 5.744E-16 4.425E-16 3.413E-16 2.748E-16 2.091E-16 1.443E-16
 7.978E-17 1.770E-17 0.000E+00 0.000E+00 0.000E+00 0.000E+00 0.000E+00 0.000E+00
 0.000E+00 0.000E+00 0.000E+00 0.000E+00 0.000E+00 0.000E+00 0.000E+00 0.000E+00
 0.000E+00 0.000E+00 0.000E+00 0.000E+00 0.000E+00 0.000E+00 0.000E+00 0.000E+00
 0.000E+00 0.000E+00 0.000E+00 0.000E+00 0.000E+00 0.000E+00 0.000E+00 0.000E+00
 0.000E+00 0.000E+00 0.000E+00 0.000E+00
                                   Total (all groups):  5.303E-13 neutrons/sec-cm**3   .
                               Average Neutron Energy:  2.548E+00 MeV.
 

--------------------------------------------------------------------------------
 


 (a,n) neutrons/sec-cc from  7.94266E-02 at/cc rn220  alphas on  o 18  in target
 8.183E-15 1.483E-14 1.680E-14 1.785E-14 1.967E-14 1.965E-14 2.028E-14 2.252E-14
 2.453E-14 2.703E-14 2.968E-14 3.106E-14 3.336E-14 3.553E-14 3.985E-14 4.490E-14
 4.954E-14 5.473E-14 6.291E-14 6.800E-14 7.075E-14 7.465E-14 7.851E-14 8.054E-14
 8.258E-14 8.422E-14 8.460E-14 8.611E-14 8.735E-14 8.660E-14 8.562E-14 8.327E-14
 7.979E-14 7.470E-14 6.964E-14 6.529E-14 6.049E-14 5.616E-14 5.209E-14 4.760E-14
 4.346E-14 3.925E-14 3.461E-14 2.999E-14 2.545E-14 2.097E-14 1.654E-14 1.215E-14
 7.960E-15 5.505E-15 3.570E-15 1.660E-15 1.347E-16 0.000E+00 0.000E+00 0.000E+00
 0.000E+00 0.000E+00 0.000E+00 0.000E+00 0.000E+00 0.000E+00 0.000E+00 0.000E+00
 0.000E+00 0.000E+00 0.000E+00 0.000E+00 0.000E+00 0.000E+00 0.000E+00 0.000E+00
 0.000E+00 0.000E+00 0.000E+00 0.000E+00 0.000E+00 0.000E+00 0.000E+00 0.000E+00
 0.000E+00 0.000E+00 0.000E+00 0.000E+00 0.000E+00 0.000E+00 0.000E+00 0.000E+00
 0.000E+00 0.000E+00 0.000E+00 0.000E+00 0.000E+00 0.000E+00 0.000E+00 0.000E+00
 0.000E+00 0.000E+00 0.000E+00 0.000E+00
                                   Total (all groups):  2.373E-12 neutrons/sec-cm**3   .
                               Average Neutron Energy:  2.635E+00 MeV.


 (a,n) neutrons/sec-cc from  4.46916E+02 at/cc ra224  alphas on  o 18  in target
 8.036E-15 1.359E-14 1.389E-14 1.347E-14 1.447E-14 1.455E-14 1.575E-14 1.765E-14
 1.824E-14 1.933E-14 2.074E-14 2.245E-14 2.510E-14 2.726E-14 3.149E-14 3.578E-14
 3.833E-14 4.200E-14 4.852E-14 5.339E-14 5.742E-14 6.258E-14 6.717E-14 6.919E-14
 7.121E-14 7.279E-14 7.301E-14 7.218E-14 7.085E-14 6.802E-14 6.344E-14 5.929E-14
 5.481E-14 4.896E-14 4.386E-14 3.956E-14 3.481E-14 3.053E-14 2.650E-14 2.206E-14
 1.797E-14 1.389E-14 9.428E-15 6.291E-15 4.193E-15 2.220E-15 4.057E-16 0.000E+00
 0.000E+00 0.000E+00 0.000E+00 0.000E+00 0.000E+00 0.000E+00 0.000E+00 0.000E+00
 0.000E+00 0.000E+00 0.000E+00 0.000E+00 0.000E+00 0.000E+00 0.000E+00 0.000E+00
 0.000E+00 0.000E+00 0.000E+00 0.000E+00 0.000E+00 0.000E+00 0.000E+00 0.000E+00
 0.000E+00 0.000E+00 0.000E+00 0.000E+00 0.000E+00 0.000E+00 0.000E+00 0.000E+00
 0.000E+00 0.000E+00 0.000E+00 0.000E+00 0.000E+00 0.000E+00 0.000E+00 0.000E+00
 0.000E+00 0.000E+00 0.000E+00 0.000E+00 0.000E+00 0.000E+00 0.000E+00 0.000E+00
 0.000E+00 0.000E+00 0.000E+00 0.000E+00
                                   Total (all groups):  1.657E-12 neutrons/sec-cm**3   .
                               Average Neutron Energy:  2.429E+00 MeV.


 (a,n) neutrons/sec-cc from  8.61085E+04 at/cc th228  alphas on  o 18  in target
 6.448E-15 1.098E-14 1.159E-14 1.194E-14 1.375E-14 1.398E-14 1.326E-14 1.403E-14
 1.463E-14 1.572E-14 1.716E-14 1.888E-14 2.158E-14 2.380E-14 2.734E-14 3.125E-14
 3.460E-14 3.832E-14 4.490E-14 4.982E-14 5.388E-14 5.909E-14 6.373E-14 6.576E-14
 6.778E-14 6.831E-14 6.652E-14 6.587E-14 6.356E-14 5.781E-14 5.223E-14 4.805E-14
 4.353E-14 3.762E-14 3.247E-14 2.813E-14 2.334E-14 1.901E-14 1.495E-14 1.053E-14
 7.257E-15 5.320E-15 3.111E-15 1.046E-15 1.841E-17 0.000E+00 0.000E+00 0.000E+00
 0.000E+00 0.000E+00 0.000E+00 0.000E+00 0.000E+00 0.000E+00 0.000E+00 0.000E+00
 0.000E+00 0.000E+00 0.000E+00 0.000E+00 0.000E+00 0.000E+00 0.000E+00 0.000E+00
 0.000E+00 0.000E+00 0.000E+00 0.000E+00 0.000E+00 0.000E+00 0.000E+00 0.000E+00
 0.000E+00 0.000E+00 0.000E+00 0.000E+00 0.000E+00 0.000E+00 0.000E+00 0.000E+00
 0.000E+00 0.000E+00 0.000E+00 0.000E+00 0.000E+00 0.000E+00 0.000E+00 0.000E+00
 0.000E+00 0.000E+00 0.000E+00 0.000E+00 0.000E+00 0.000E+00 0.000E+00 0.000E+00
 0.000E+00 0.000E+00 0.000E+00 0.000E+00
                                   Total (all groups):  1.393E-12 neutrons/sec-cm**3   .
                               Average Neutron Energy:  2.341E+00 MeV.


 (a,n) neutrons/sec-cc from  6.34600E+14 at/cc th232  alphas on  o 18  in target
 8.169E-17 3.319E-16 6.684E-16 1.253E-15 2.117E-15 2.487E-15 2.521E-15 2.916E-15
 3.533E-15 4.268E-15 5.469E-15 7.363E-15 1.002E-14 1.201E-14 1.625E-14 2.123E-14
 2.495E-14 2.706E-14 3.047E-14 3.142E-14 2.928E-14 2.777E-14 2.616E-14 2.250E-14
 1.932E-14 1.581E-14 1.138E-14 8.115E-15 5.981E-15 2.697E-15 2.780E-16 0.000E+00
 0.000E+00 0.000E+00 0.000E+00 0.000E+00 0.000E+00 0.000E+00 0.000E+00 0.000E+00
 0.000E+00 0.000E+00 0.000E+00 0.000E+00 0.000E+00 0.000E+00 0.000E+00 0.000E+00
 0.000E+00 0.000E+00 0.000E+00 0.000E+00 0.000E+00 0.000E+00 0.000E+00 0.000E+00
 0.000E+00 0.000E+00 0.000E+00 0.000E+00 0.000E+00 0.000E+00 0.000E+00 0.000E+00
 0.000E+00 0.000E+00 0.000E+00 0.000E+00 0.000E+00 0.000E+00 0.000E+00 0.000E+00
 0.000E+00 0.000E+00 0.000E+00 0.000E+00 0.000E+00 0.000E+00 0.000E+00 0.000E+00
 0.000E+00 0.000E+00 0.000E+00 0.000E+00 0.000E+00 0.000E+00 0.000E+00 0.000E+00
 0.000E+00 0.000E+00 0.000E+00 0.000E+00 0.000E+00 0.000E+00 0.000E+00 0.000E+00
 0.000E+00 0.000E+00 0.000E+00 0.000E+00
                                   Total (all groups):  3.757E-13 neutrons/sec-cm**3   .
                               Average Neutron Energy:  1.908E+00 MeV.



 Total (alpha,n) neutron spectrum this target
 2.275E-14 3.974E-14 4.295E-14 4.451E-14 5.000E-14 5.068E-14 5.182E-14 5.711E-14
 6.093E-14 6.634E-14 7.305E-14 7.975E-14 9.006E-14 9.860E-14 1.149E-13 1.332E-13
 1.474E-13 1.621E-13 1.868E-13 2.026E-13 2.113E-13 2.241E-13 2.356E-13 2.380E-13
 2.409E-13 2.411E-13 2.355E-13 2.323E-13 2.277E-13 2.151E-13 2.016E-13 1.906E-13
 1.781E-13 1.613E-13 1.460E-13 1.330E-13 1.186E-13 1.057E-13 9.353E-14 8.019E-14
 6.868E-14 5.846E-14 4.715E-14 3.733E-14 2.966E-14 2.319E-14 1.694E-14 1.215E-14
 7.960E-15 5.505E-15 3.570E-15 1.660E-15 1.347E-16 0.000E+00 0.000E+00 0.000E+00
 0.000E+00 0.000E+00 0.000E+00 0.000E+00 0.000E+00 0.000E+00 0.000E+00 0.000E+00
 0.000E+00 0.000E+00 0.000E+00 0.000E+00 0.000E+00 0.000E+00 0.000E+00 0.000E+00
 0.000E+00 0.000E+00 0.000E+00 0.000E+00 0.000E+00 0.000E+00 0.000E+00 0.000E+00
 0.000E+00 0.000E+00 0.000E+00 0.000E+00 0.000E+00 0.000E+00 0.000E+00 0.000E+00
 0.000E+00 0.000E+00 0.000E+00 0.000E+00 0.000E+00 0.000E+00 0.000E+00 0.000E+00
 0.000E+00 0.000E+00 0.000E+00 0.000E+00
                                   Total (all groups):  5.798E-12 neutrons/sec-cm**3   .
                               Average Neutron Energy:  2.458E+00 MeV.
 

--------------------------------------------------------------------------------
 


 (a,n) neutrons/sec-cc from  7.94266E-02 at/cc rn220  alphas on na 23  in target
 6.044E-14 1.380E-13 1.881E-13 2.156E-13 2.176E-13 2.147E-13 2.197E-13 2.233E-13
 2.293E-13 2.384E-13 2.495E-13 2.609E-13 2.722E-13 2.832E-13 2.878E-13 2.794E-13
 2.683E-13 2.567E-13 2.348E-13 2.075E-13 1.797E-13 1.516E-13 1.232E-13 9.471E-14
 6.831E-14 5.136E-14 3.572E-14 2.143E-14 7.007E-15 0.000E+00 0.000E+00 0.000E+00
 0.000E+00 0.000E+00 0.000E+00 0.000E+00 0.000E+00 0.000E+00 0.000E+00 0.000E+00
 0.000E+00 0.000E+00 0.000E+00 0.000E+00 0.000E+00 0.000E+00 0.000E+00 0.000E+00
 0.000E+00 0.000E+00 0.000E+00 0.000E+00 0.000E+00 0.000E+00 0.000E+00 0.000E+00
 0.000E+00 0.000E+00 0.000E+00 0.000E+00 0.000E+00 0.000E+00 0.000E+00 0.000E+00
 0.000E+00 0.000E+00 0.000E+00 0.000E+00 0.000E+00 0.000E+00 0.000E+00 0.000E+00
 0.000E+00 0.000E+00 0.000E+00 0.000E+00 0.000E+00 0.000E+00 0.000E+00 0.000E+00
 0.000E+00 0.000E+00 0.000E+00 0.000E+00 0.000E+00 0.000E+00 0.000E+00 0.000E+00
 0.000E+00 0.000E+00 0.000E+00 0.000E+00 0.000E+00 0.000E+00 0.000E+00 0.000E+00
 0.000E+00 0.000E+00 0.000E+00 0.000E+00
                                   Total (all groups):  5.279E-12 neutrons/sec-cm**3   .
                               Average Neutron Energy:  1.255E+00 MeV.


 (a,n) neutrons/sec-cc from  4.46916E+02 at/cc ra224  alphas on na 23  in target
 2.029E-14 4.630E-14 7.212E-14 9.996E-14 1.261E-13 1.449E-13 1.560E-13 1.664E-13
 1.769E-13 1.873E-13 1.906E-13 1.830E-13 1.786E-13 1.724E-13 1.532E-13 1.298E-13
 1.055E-13 8.073E-14 5.667E-14 4.251E-14 2.973E-14 1.847E-14 7.169E-15 7.397E-17
 0.000E+00 0.000E+00 0.000E+00 0.000E+00 0.000E+00 0.000E+00 0.000E+00 0.000E+00
 0.000E+00 0.000E+00 0.000E+00 0.000E+00 0.000E+00 0.000E+00 0.000E+00 0.000E+00
 0.000E+00 0.000E+00 0.000E+00 0.000E+00 0.000E+00 0.000E+00 0.000E+00 0.000E+00
 0.000E+00 0.000E+00 0.000E+00 0.000E+00 0.000E+00 0.000E+00 0.000E+00 0.000E+00
 0.000E+00 0.000E+00 0.000E+00 0.000E+00 0.000E+00 0.000E+00 0.000E+00 0.000E+00
 0.000E+00 0.000E+00 0.000E+00 0.000E+00 0.000E+00 0.000E+00 0.000E+00 0.000E+00
 0.000E+00 0.000E+00 0.000E+00 0.000E+00 0.000E+00 0.000E+00 0.000E+00 0.000E+00
 0.000E+00 0.000E+00 0.000E+00 0.000E+00 0.000E+00 0.000E+00 0.000E+00 0.000E+00
 0.000E+00 0.000E+00 0.000E+00 0.000E+00 0.000E+00 0.000E+00 0.000E+00 0.000E+00
 0.000E+00 0.000E+00 0.000E+00 0.000E+00
                                   Total (all groups):  2.545E-12 neutrons/sec-cm**3   .
                               Average Neutron Energy:  1.046E+00 MeV.


 (a,n) neutrons/sec-cc from  8.61085E+04 at/cc th228  alphas on na 23  in target
 1.487E-14 4.253E-14 7.191E-14 9.642E-14 1.097E-13 1.214E-13 1.326E-13 1.431E-13
 1.492E-13 1.468E-13 1.421E-13 1.354E-13 1.188E-13 9.709E-14 7.460E-14 5.269E-14
 3.826E-14 2.783E-14 1.801E-14 8.549E-15 1.150E-15 0.000E+00 0.000E+00 0.000E+00
 0.000E+00 0.000E+00 0.000E+00 0.000E+00 0.000E+00 0.000E+00 0.000E+00 0.000E+00
 0.000E+00 0.000E+00 0.000E+00 0.000E+00 0.000E+00 0.000E+00 0.000E+00 0.000E+00
 0.000E+00 0.000E+00 0.000E+00 0.000E+00 0.000E+00 0.000E+00 0.000E+00 0.000E+00
 0.000E+00 0.000E+00 0.000E+00 0.000E+00 0.000E+00 0.000E+00 0.000E+00 0.000E+00
 0.000E+00 0.000E+00 0.000E+00 0.000E+00 0.000E+00 0.000E+00 0.000E+00 0.000E+00
 0.000E+00 0.000E+00 0.000E+00 0.000E+00 0.000E+00 0.000E+00 0.000E+00 0.000E+00
 0.000E+00 0.000E+00 0.000E+00 0.000E+00 0.000E+00 0.000E+00 0.000E+00 0.000E+00
 0.000E+00 0.000E+00 0.000E+00 0.000E+00 0.000E+00 0.000E+00 0.000E+00 0.000E+00
 0.000E+00 0.000E+00 0.000E+00 0.000E+00 0.000E+00 0.000E+00 0.000E+00 0.000E+00
 0.000E+00 0.000E+00 0.000E+00 0.000E+00
                                   Total (all groups):  1.743E-12 neutrons/sec-cm**3   .
                               Average Neutron Energy:  9.026E-01 MeV.


 (a,n) neutrons/sec-cc from  6.34600E+14 at/cc th232  alphas on na 23  in target
 3.160E-15 5.228E-15 6.573E-15 5.158E-15 3.527E-15 1.743E-15 2.101E-16 0.000E+00
 0.000E+00 0.000E+00 0.000E+00 0.000E+00 0.000E+00 0.000E+00 0.000E+00 0.000E+00
 0.000E+00 0.000E+00 0.000E+00 0.000E+00 0.000E+00 0.000E+00 0.000E+00 0.000E+00
 0.000E+00 0.000E+00 0.000E+00 0.000E+00 0.000E+00 0.000E+00 0.000E+00 0.000E+00
 0.000E+00 0.000E+00 0.000E+00 0.000E+00 0.000E+00 0.000E+00 0.000E+00 0.000E+00
 0.000E+00 0.000E+00 0.000E+00 0.000E+00 0.000E+00 0.000E+00 0.000E+00 0.000E+00
 0.000E+00 0.000E+00 0.000E+00 0.000E+00 0.000E+00 0.000E+00 0.000E+00 0.000E+00
 0.000E+00 0.000E+00 0.000E+00 0.000E+00 0.000E+00 0.000E+00 0.000E+00 0.000E+00
 0.000E+00 0.000E+00 0.000E+00 0.000E+00 0.000E+00 0.000E+00 0.000E+00 0.000E+00
 0.000E+00 0.000E+00 0.000E+00 0.000E+00 0.000E+00 0.000E+00 0.000E+00 0.000E+00
 0.000E+00 0.000E+00 0.000E+00 0.000E+00 0.000E+00 0.000E+00 0.000E+00 0.000E+00
 0.000E+00 0.000E+00 0.000E+00 0.000E+00 0.000E+00 0.000E+00 0.000E+00 0.000E+00
 0.000E+00 0.000E+00 0.000E+00 0.000E+00
                                   Total (all groups):  2.560E-14 neutrons/sec-cm**3   .
                               Average Neutron Energy:  2.760E-01 MeV.



 Total (alpha,n) neutron spectrum this target
 9.876E-14 2.321E-13 3.387E-13 4.171E-13 4.570E-13 4.827E-13 5.086E-13 5.329E-13
 5.553E-13 5.725E-13 5.821E-13 5.793E-13 5.695E-13 5.527E-13 5.156E-13 4.619E-13
 4.121E-13 3.653E-13 3.095E-13 2.586E-13 2.106E-13 1.701E-13 1.304E-13 9.478E-14
 6.831E-14 5.136E-14 3.572E-14 2.143E-14 7.007E-15 0.000E+00 0.000E+00 0.000E+00
 0.000E+00 0.000E+00 0.000E+00 0.000E+00 0.000E+00 0.000E+00 0.000E+00 0.000E+00
 0.000E+00 0.000E+00 0.000E+00 0.000E+00 0.000E+00 0.000E+00 0.000E+00 0.000E+00
 0.000E+00 0.000E+00 0.000E+00 0.000E+00 0.000E+00 0.000E+00 0.000E+00 0.000E+00
 0.000E+00 0.000E+00 0.000E+00 0.000E+00 0.000E+00 0.000E+00 0.000E+00 0.000E+00
 0.000E+00 0.000E+00 0.000E+00 0.000E+00 0.000E+00 0.000E+00 0.000E+00 0.000E+00
 0.000E+00 0.000E+00 0.000E+00 0.000E+00 0.000E+00 0.000E+00 0.000E+00 0.000E+00
 0.000E+00 0.000E+00 0.000E+00 0.000E+00 0.000E+00 0.000E+00 0.000E+00 0.000E+00
 0.000E+00 0.000E+00 0.000E+00 0.000E+00 0.000E+00 0.000E+00 0.000E+00 0.000E+00
 0.000E+00 0.000E+00 0.000E+00 0.000E+00
                                   Total (all groups):  9.592E-12 neutrons/sec-cm**3   .
                               Average Neutron Energy:  1.133E+00 MeV.
 

--------------------------------------------------------------------------------
 


 (a,n) neutrons/sec-cc from  7.94266E-02 at/cc rn220  alphas on mg 25  in target
 2.257E-15 5.295E-15 7.737E-15 1.006E-14 1.175E-14 1.300E-14 1.414E-14 1.507E-14
 1.501E-14 1.375E-14 1.277E-14 1.191E-14 1.110E-14 1.008E-14 8.654E-15 7.447E-15
 7.327E-15 7.455E-15 7.669E-15 7.907E-15 8.151E-15 8.406E-15 8.814E-15 9.589E-15
 1.034E-14 1.101E-14 1.165E-14 1.203E-14 1.133E-14 1.050E-14 9.652E-15 8.791E-15
 7.927E-15 7.076E-15 6.255E-15 5.477E-15 4.775E-15 4.178E-15 3.629E-15 3.116E-15
 3.119E-15 3.718E-15 4.357E-15 5.021E-15 5.685E-15 6.343E-15 6.986E-15 7.609E-15
 8.202E-15 8.762E-15 9.296E-15 9.810E-15 1.022E-14 9.997E-15 9.628E-15 9.243E-15
 8.839E-15 8.425E-15 8.005E-15 7.579E-15 7.142E-15 6.691E-15 6.227E-15 5.754E-15
 5.270E-15 4.773E-15 4.263E-15 3.741E-15 3.194E-15 2.555E-15 2.334E-15 2.224E-15
 2.109E-15 1.986E-15 1.858E-15 1.726E-15 1.590E-15 1.452E-15 1.312E-15 1.170E-15
 1.026E-15 8.827E-16 7.404E-16 5.998E-16 4.606E-16 3.232E-16 1.879E-16 5.562E-17
 0.000E+00 0.000E+00 0.000E+00 0.000E+00 0.000E+00 0.000E+00 0.000E+00 0.000E+00
 0.000E+00 0.000E+00 0.000E+00 0.000E+00
                                   Total (all groups):  5.856E-13 neutrons/sec-cm**3   .
                               Average Neutron Energy:  3.282E+00 MeV.


 (a,n) neutrons/sec-cc from  4.46916E+02 at/cc ra224  alphas on mg 25  in target
 1.435E-15 3.468E-15 5.337E-15 7.189E-15 8.193E-15 7.785E-15 7.151E-15 6.392E-15
 5.545E-15 4.512E-15 4.077E-15 3.827E-15 3.702E-15 3.669E-15 3.708E-15 3.814E-15
 4.090E-15 4.794E-15 5.563E-15 6.335E-15 7.054E-15 7.717E-15 8.342E-15 8.495E-15
 7.880E-15 7.205E-15 6.475E-15 5.702E-15 4.906E-15 4.089E-15 3.271E-15 2.498E-15
 1.751E-15 1.036E-15 6.235E-16 8.516E-16 1.170E-15 1.560E-15 2.018E-15 2.529E-15
 3.085E-15 3.679E-15 4.311E-15 4.967E-15 5.625E-15 6.275E-15 6.908E-15 7.490E-15
 7.823E-15 7.562E-15 7.247E-15 6.915E-15 6.571E-15 6.217E-15 5.852E-15 5.471E-15
 5.071E-15 4.662E-15 4.246E-15 3.824E-15 3.392E-15 2.950E-15 2.516E-15 2.082E-15
 1.983E-15 1.936E-15 1.868E-15 1.790E-15 1.703E-15 1.607E-15 1.505E-15 1.396E-15
 1.282E-15 1.161E-15 1.034E-15 9.027E-16 7.686E-16 6.319E-16 4.935E-16 3.531E-16
 2.157E-16 8.073E-17 6.847E-19 0.000E+00 0.000E+00 0.000E+00 0.000E+00 0.000E+00
 0.000E+00 0.000E+00 0.000E+00 0.000E+00 0.000E+00 0.000E+00 0.000E+00 0.000E+00
 0.000E+00 0.000E+00 0.000E+00 0.000E+00
                                   Total (all groups):  3.312E-13 neutrons/sec-cm**3   .
                               Average Neutron Energy:  3.344E+00 MeV.


 (a,n) neutrons/sec-cc from  8.61085E+04 at/cc th228  alphas on mg 25  in target
 1.150E-15 3.189E-15 4.724E-15 4.823E-15 4.523E-15 4.012E-15 3.607E-15 3.485E-15
 3.112E-15 2.780E-15 2.521E-15 2.332E-15 2.224E-15 2.304E-15 2.782E-15 3.417E-15
 4.100E-15 4.835E-15 5.552E-15 6.219E-15 6.867E-15 7.059E-15 6.556E-15 5.973E-15
 5.342E-15 4.660E-15 3.924E-15 3.157E-15 2.416E-15 1.675E-15 9.221E-16 3.343E-16
 2.900E-16 4.233E-16 6.095E-16 8.596E-16 1.181E-15 1.575E-15 2.036E-15 2.552E-15
 3.113E-15 3.713E-15 4.351E-15 5.014E-15 5.677E-15 6.326E-15 6.701E-15 6.524E-15
 6.262E-15 5.968E-15 5.650E-15 5.314E-15 4.967E-15 4.610E-15 4.242E-15 3.857E-15
 3.453E-15 3.040E-15 2.621E-15 2.197E-15 1.788E-15 1.610E-15 1.702E-15 1.679E-15
 1.631E-15 1.573E-15 1.505E-15 1.426E-15 1.338E-15 1.241E-15 1.138E-15 1.028E-15
 9.124E-16 7.905E-16 6.625E-16 5.301E-16 3.947E-16 2.569E-16 1.192E-16 1.626E-17
 0.000E+00 0.000E+00 0.000E+00 0.000E+00 0.000E+00 0.000E+00 0.000E+00 0.000E+00
 0.000E+00 0.000E+00 0.000E+00 0.000E+00 0.000E+00 0.000E+00 0.000E+00 0.000E+00
 0.000E+00 0.000E+00 0.000E+00 0.000E+00
                                   Total (all groups):  2.450E-13 neutrons/sec-cm**3   .
                               Average Neutron Energy:  3.402E+00 MeV.


 (a,n) neutrons/sec-cc from  6.34600E+14 at/cc th232  alphas on mg 25  in target
 2.703E-18 1.251E-17 3.291E-17 6.687E-17 1.151E-16 1.796E-16 2.624E-16 3.674E-16
 4.873E-16 6.211E-16 8.095E-16 9.581E-16 8.767E-16 7.617E-16 6.333E-16 4.921E-16
 3.146E-16 1.017E-16 5.479E-19 1.218E-18 2.203E-18 3.458E-18 4.869E-18 6.354E-18
 8.088E-18 1.104E-17 1.730E-17 2.993E-17 5.205E-17 8.524E-17 1.323E-16 1.973E-16
 2.912E-16 4.250E-16 6.120E-16 8.629E-16 1.087E-15 1.087E-15 1.060E-15 1.025E-15
 9.810E-16 9.237E-16 8.492E-16 7.537E-16 6.297E-16 4.761E-16 2.857E-16 8.980E-17
 6.228E-17 9.476E-17 1.416E-16 2.052E-16 2.699E-16 2.769E-16 2.740E-16 2.698E-16
 2.643E-16 2.570E-16 2.477E-16 2.352E-16 2.181E-16 1.952E-16 1.647E-16 1.261E-16
 7.799E-17 2.262E-17 0.000E+00 0.000E+00 0.000E+00 0.000E+00 0.000E+00 0.000E+00
 0.000E+00 0.000E+00 0.000E+00 0.000E+00 0.000E+00 0.000E+00 0.000E+00 0.000E+00
 0.000E+00 0.000E+00 0.000E+00 0.000E+00 0.000E+00 0.000E+00 0.000E+00 0.000E+00
 0.000E+00 0.000E+00 0.000E+00 0.000E+00 0.000E+00 0.000E+00 0.000E+00 0.000E+00
 0.000E+00 0.000E+00 0.000E+00 0.000E+00
                                   Total (all groups):  2.249E-14 neutrons/sec-cm**3   .
                               Average Neutron Energy:  3.296E+00 MeV.



 Total (alpha,n) neutron spectrum this target
 4.845E-15 1.196E-14 1.783E-14 2.213E-14 2.458E-14 2.498E-14 2.516E-14 2.531E-14
 2.416E-14 2.167E-14 2.018E-14 1.902E-14 1.790E-14 1.681E-14 1.578E-14 1.517E-14
 1.583E-14 1.719E-14 1.878E-14 2.046E-14 2.207E-14 2.319E-14 2.372E-14 2.406E-14
 2.357E-14 2.289E-14 2.207E-14 2.091E-14 1.870E-14 1.635E-14 1.398E-14 1.182E-14
 1.026E-14 8.960E-15 8.100E-15 8.051E-15 8.213E-15 8.400E-15 8.743E-15 9.222E-15
 1.030E-14 1.203E-14 1.387E-14 1.576E-14 1.762E-14 1.942E-14 2.088E-14 2.171E-14
 2.235E-14 2.239E-14 2.233E-14 2.224E-14 2.203E-14 2.110E-14 2.000E-14 1.884E-14
 1.763E-14 1.638E-14 1.512E-14 1.383E-14 1.254E-14 1.145E-14 1.061E-14 9.641E-15
 8.962E-15 8.304E-15 7.636E-15 6.957E-15 6.235E-15 5.404E-15 4.977E-15 4.649E-15
 4.302E-15 3.938E-15 3.555E-15 3.158E-15 2.753E-15 2.341E-15 1.925E-15 1.539E-15
 1.242E-15 9.635E-16 7.411E-16 5.998E-16 4.606E-16 3.232E-16 1.879E-16 5.562E-17
 0.000E+00 0.000E+00 0.000E+00 0.000E+00 0.000E+00 0.000E+00 0.000E+00 0.000E+00
 0.000E+00 0.000E+00 0.000E+00 0.000E+00
                                   Total (all groups):  1.184E-12 neutrons/sec-cm**3   .
                               Average Neutron Energy:  3.324E+00 MeV.
 

--------------------------------------------------------------------------------
 


 (a,n) neutrons/sec-cc from  7.94266E-02 at/cc rn220  alphas on mg 26  in target
 5.484E-17 2.096E-16 4.366E-16 7.400E-16 1.128E-15 1.616E-15 2.216E-15 2.952E-15
 3.842E-15 4.908E-15 6.167E-15 7.625E-15 9.271E-15 1.111E-14 1.312E-14 1.531E-14
 1.769E-14 2.026E-14 2.285E-14 2.423E-14 2.547E-14 2.681E-14 2.823E-14 2.974E-14
 3.069E-14 3.077E-14 3.090E-14 3.091E-14 2.943E-14 2.847E-14 2.787E-14 2.723E-14
 2.655E-14 2.582E-14 2.454E-14 2.210E-14 2.036E-14 1.874E-14 1.702E-14 1.524E-14
 1.436E-14 1.392E-14 1.344E-14 1.293E-14 1.237E-14 1.170E-14 1.027E-14 8.634E-15
 7.825E-15 7.329E-15 6.801E-15 6.246E-15 5.665E-15 5.060E-15 4.434E-15 3.788E-15
 3.128E-15 2.454E-15 1.768E-15 1.069E-15 3.568E-16 0.000E+00 0.000E+00 0.000E+00
 0.000E+00 0.000E+00 0.000E+00 0.000E+00 0.000E+00 0.000E+00 0.000E+00 0.000E+00
 0.000E+00 0.000E+00 0.000E+00 0.000E+00 0.000E+00 0.000E+00 0.000E+00 0.000E+00
 0.000E+00 0.000E+00 0.000E+00 0.000E+00 0.000E+00 0.000E+00 0.000E+00 0.000E+00
 0.000E+00 0.000E+00 0.000E+00 0.000E+00 0.000E+00 0.000E+00 0.000E+00 0.000E+00
 0.000E+00 0.000E+00 0.000E+00 0.000E+00
                                   Total (all groups):  8.362E-13 neutrons/sec-cm**3   .
                               Average Neutron Energy:  2.967E+00 MeV.


 (a,n) neutrons/sec-cc from  4.46916E+02 at/cc ra224  alphas on mg 26  in target
 5.426E-17 2.074E-16 4.319E-16 7.321E-16 1.115E-15 1.598E-15 2.193E-15 2.920E-15
 3.801E-15 4.856E-15 6.101E-15 7.544E-15 9.166E-15 1.093E-14 1.247E-14 1.318E-14
 1.393E-14 1.480E-14 1.576E-14 1.678E-14 1.707E-14 1.705E-14 1.702E-14 1.721E-14
 1.676E-14 1.625E-14 1.572E-14 1.520E-14 1.468E-14 1.411E-14 1.337E-14 1.227E-14
 1.114E-14 9.941E-15 9.242E-15 9.023E-15 8.772E-15 8.486E-15 8.166E-15 7.812E-15
 7.425E-15 6.779E-15 6.087E-15 5.757E-15 5.402E-15 5.022E-15 4.617E-15 4.183E-15
 3.720E-15 3.229E-15 2.707E-15 2.158E-15 1.583E-15 1.003E-15 4.133E-16 1.033E-17
 0.000E+00 0.000E+00 0.000E+00 0.000E+00 0.000E+00 0.000E+00 0.000E+00 0.000E+00
 0.000E+00 0.000E+00 0.000E+00 0.000E+00 0.000E+00 0.000E+00 0.000E+00 0.000E+00
 0.000E+00 0.000E+00 0.000E+00 0.000E+00 0.000E+00 0.000E+00 0.000E+00 0.000E+00
 0.000E+00 0.000E+00 0.000E+00 0.000E+00 0.000E+00 0.000E+00 0.000E+00 0.000E+00
 0.000E+00 0.000E+00 0.000E+00 0.000E+00 0.000E+00 0.000E+00 0.000E+00 0.000E+00
 0.000E+00 0.000E+00 0.000E+00 0.000E+00
                                   Total (all groups):  4.579E-13 neutrons/sec-cm**3   .
                               Average Neutron Energy:  2.653E+00 MeV.


 (a,n) neutrons/sec-cc from  8.61085E+04 at/cc th228  alphas on mg 26  in target
 5.476E-17 2.093E-16 4.360E-16 7.389E-16 1.126E-15 1.613E-15 2.213E-15 2.947E-15
 3.836E-15 4.901E-15 6.158E-15 7.604E-15 8.849E-15 9.408E-15 9.970E-15 1.063E-14
 1.139E-14 1.218E-14 1.235E-14 1.223E-14 1.251E-14 1.293E-14 1.256E-14 1.208E-14
 1.157E-14 1.105E-14 1.058E-14 1.041E-14 9.986E-15 9.014E-15 7.997E-15 7.236E-15
 7.034E-15 6.877E-15 6.688E-15 6.466E-15 6.212E-15 5.926E-15 5.622E-15 5.338E-15
 5.079E-15 4.802E-15 4.496E-15 4.162E-15 3.804E-15 3.420E-15 3.012E-15 2.573E-15
 2.106E-15 1.611E-15 1.085E-15 5.353E-16 8.979E-17 0.000E+00 0.000E+00 0.000E+00
 0.000E+00 0.000E+00 0.000E+00 0.000E+00 0.000E+00 0.000E+00 0.000E+00 0.000E+00
 0.000E+00 0.000E+00 0.000E+00 0.000E+00 0.000E+00 0.000E+00 0.000E+00 0.000E+00
 0.000E+00 0.000E+00 0.000E+00 0.000E+00 0.000E+00 0.000E+00 0.000E+00 0.000E+00
 0.000E+00 0.000E+00 0.000E+00 0.000E+00 0.000E+00 0.000E+00 0.000E+00 0.000E+00
 0.000E+00 0.000E+00 0.000E+00 0.000E+00 0.000E+00 0.000E+00 0.000E+00 0.000E+00
 0.000E+00 0.000E+00 0.000E+00 0.000E+00
                                   Total (all groups):  3.337E-13 neutrons/sec-cm**3   .
                               Average Neutron Energy:  2.513E+00 MeV.


 (a,n) neutrons/sec-cc from  6.34600E+14 at/cc th232  alphas on mg 26  in target
 5.498E-17 2.101E-16 4.192E-16 4.984E-16 5.220E-16 5.553E-16 6.673E-16 9.237E-16
 1.061E-15 1.104E-15 1.179E-15 1.203E-15 1.027E-15 8.702E-16 8.518E-16 8.648E-16
 8.935E-16 9.588E-16 9.759E-16 9.160E-16 8.469E-16 7.668E-16 6.672E-16 5.511E-16
 4.171E-16 3.004E-16 3.738E-16 5.479E-16 7.693E-16 9.187E-16 9.011E-16 8.715E-16
 8.308E-16 7.714E-16 6.896E-16 5.811E-16 4.468E-16 2.840E-16 9.703E-17 2.688E-19
 0.000E+00 0.000E+00 0.000E+00 0.000E+00 0.000E+00 0.000E+00 0.000E+00 0.000E+00
 0.000E+00 0.000E+00 0.000E+00 0.000E+00 0.000E+00 0.000E+00 0.000E+00 0.000E+00
 0.000E+00 0.000E+00 0.000E+00 0.000E+00 0.000E+00 0.000E+00 0.000E+00 0.000E+00
 0.000E+00 0.000E+00 0.000E+00 0.000E+00 0.000E+00 0.000E+00 0.000E+00 0.000E+00
 0.000E+00 0.000E+00 0.000E+00 0.000E+00 0.000E+00 0.000E+00 0.000E+00 0.000E+00
 0.000E+00 0.000E+00 0.000E+00 0.000E+00 0.000E+00 0.000E+00 0.000E+00 0.000E+00
 0.000E+00 0.000E+00 0.000E+00 0.000E+00 0.000E+00 0.000E+00 0.000E+00 0.000E+00
 0.000E+00 0.000E+00 0.000E+00 0.000E+00
                                   Total (all groups):  2.739E-14 neutrons/sec-cm**3   .
                               Average Neutron Energy:  1.898E+00 MeV.



 Total (alpha,n) neutron spectrum this target
 2.188E-16 8.364E-16 1.724E-15 2.710E-15 3.891E-15 5.382E-15 7.289E-15 9.743E-15
 1.254E-14 1.577E-14 1.960E-14 2.398E-14 2.831E-14 3.231E-14 3.642E-14 3.998E-14
 4.389E-14 4.819E-14 5.192E-14 5.415E-14 5.590E-14 5.756E-14 5.847E-14 5.958E-14
 5.944E-14 5.837E-14 5.758E-14 5.706E-14 5.486E-14 5.252E-14 5.014E-14 4.761E-14
 4.556E-14 4.341E-14 4.116E-14 3.817E-14 3.579E-14 3.344E-14 3.091E-14 2.839E-14
 2.686E-14 2.550E-14 2.403E-14 2.285E-14 2.158E-14 2.015E-14 1.790E-14 1.539E-14
 1.365E-14 1.217E-14 1.059E-14 8.939E-15 7.338E-15 6.063E-15 4.847E-15 3.798E-15
 3.128E-15 2.454E-15 1.768E-15 1.069E-15 3.568E-16 0.000E+00 0.000E+00 0.000E+00
 0.000E+00 0.000E+00 0.000E+00 0.000E+00 0.000E+00 0.000E+00 0.000E+00 0.000E+00
 0.000E+00 0.000E+00 0.000E+00 0.000E+00 0.000E+00 0.000E+00 0.000E+00 0.000E+00
 0.000E+00 0.000E+00 0.000E+00 0.000E+00 0.000E+00 0.000E+00 0.000E+00 0.000E+00
 0.000E+00 0.000E+00 0.000E+00 0.000E+00 0.000E+00 0.000E+00 0.000E+00 0.000E+00
 0.000E+00 0.000E+00 0.000E+00 0.000E+00
                                   Total (all groups):  1.655E-12 neutrons/sec-cm**3   .
                               Average Neutron Energy:  2.770E+00 MeV.
 

--------------------------------------------------------------------------------
 


 (a,n) neutrons/sec-cc from  7.94266E-02 at/cc rn220  alphas on al 27  in target
 6.628E-14 1.591E-13 2.057E-13 2.469E-13 2.826E-13 3.229E-13 3.308E-13 3.220E-13
 3.111E-13 3.006E-13 2.733E-13 2.357E-13 2.243E-13 2.195E-13 2.147E-13 2.105E-13
 2.006E-13 1.790E-13 1.720E-13 1.672E-13 1.633E-13 1.596E-13 1.521E-13 1.309E-13
 1.076E-13 8.540E-14 7.324E-14 6.368E-14 5.380E-14 4.318E-14 3.183E-14 1.998E-14
 7.693E-15 8.422E-17 0.000E+00 0.000E+00 0.000E+00 0.000E+00 0.000E+00 0.000E+00
 0.000E+00 0.000E+00 0.000E+00 0.000E+00 0.000E+00 0.000E+00 0.000E+00 0.000E+00
 0.000E+00 0.000E+00 0.000E+00 0.000E+00 0.000E+00 0.000E+00 0.000E+00 0.000E+00
 0.000E+00 0.000E+00 0.000E+00 0.000E+00 0.000E+00 0.000E+00 0.000E+00 0.000E+00
 0.000E+00 0.000E+00 0.000E+00 0.000E+00 0.000E+00 0.000E+00 0.000E+00 0.000E+00
 0.000E+00 0.000E+00 0.000E+00 0.000E+00 0.000E+00 0.000E+00 0.000E+00 0.000E+00
 0.000E+00 0.000E+00 0.000E+00 0.000E+00 0.000E+00 0.000E+00 0.000E+00 0.000E+00
 0.000E+00 0.000E+00 0.000E+00 0.000E+00 0.000E+00 0.000E+00 0.000E+00 0.000E+00
 0.000E+00 0.000E+00 0.000E+00 0.000E+00
                                   Total (all groups):  5.737E-12 neutrons/sec-cm**3   .
                               Average Neutron Energy:  1.252E+00 MeV.


 (a,n) neutrons/sec-cc from  4.46916E+02 at/cc ra224  alphas on al 27  in target
 3.322E-14 9.088E-14 1.161E-13 1.246E-13 1.284E-13 1.325E-13 1.342E-13 1.277E-13
 1.206E-13 1.151E-13 1.108E-13 1.097E-13 1.143E-13 1.127E-13 1.105E-13 1.082E-13
 1.047E-13 9.930E-14 8.841E-14 7.099E-14 6.016E-14 5.185E-14 4.324E-14 3.398E-14
 2.445E-14 1.546E-14 6.722E-15 2.863E-16 0.000E+00 0.000E+00 0.000E+00 0.000E+00
 0.000E+00 0.000E+00 0.000E+00 0.000E+00 0.000E+00 0.000E+00 0.000E+00 0.000E+00
 0.000E+00 0.000E+00 0.000E+00 0.000E+00 0.000E+00 0.000E+00 0.000E+00 0.000E+00
 0.000E+00 0.000E+00 0.000E+00 0.000E+00 0.000E+00 0.000E+00 0.000E+00 0.000E+00
 0.000E+00 0.000E+00 0.000E+00 0.000E+00 0.000E+00 0.000E+00 0.000E+00 0.000E+00
 0.000E+00 0.000E+00 0.000E+00 0.000E+00 0.000E+00 0.000E+00 0.000E+00 0.000E+00
 0.000E+00 0.000E+00 0.000E+00 0.000E+00 0.000E+00 0.000E+00 0.000E+00 0.000E+00
 0.000E+00 0.000E+00 0.000E+00 0.000E+00 0.000E+00 0.000E+00 0.000E+00 0.000E+00
 0.000E+00 0.000E+00 0.000E+00 0.000E+00 0.000E+00 0.000E+00 0.000E+00 0.000E+00
 0.000E+00 0.000E+00 0.000E+00 0.000E+00
                                   Total (all groups):  2.389E-12 neutrons/sec-cm**3   .
                               Average Neutron Energy:  1.112E+00 MeV.


 (a,n) neutrons/sec-cc from  8.61085E+04 at/cc th228  alphas on al 27  in target
 2.184E-14 4.181E-14 6.002E-14 8.434E-14 9.248E-14 8.936E-14 8.496E-14 7.852E-14
 7.544E-14 8.374E-14 8.924E-14 8.857E-14 8.749E-14 8.578E-14 8.353E-14 8.085E-14
 7.185E-14 6.022E-14 5.219E-14 4.392E-14 3.556E-14 2.717E-14 1.849E-14 9.223E-15
 1.631E-15 0.000E+00 0.000E+00 0.000E+00 0.000E+00 0.000E+00 0.000E+00 0.000E+00
 0.000E+00 0.000E+00 0.000E+00 0.000E+00 0.000E+00 0.000E+00 0.000E+00 0.000E+00
 0.000E+00 0.000E+00 0.000E+00 0.000E+00 0.000E+00 0.000E+00 0.000E+00 0.000E+00
 0.000E+00 0.000E+00 0.000E+00 0.000E+00 0.000E+00 0.000E+00 0.000E+00 0.000E+00
 0.000E+00 0.000E+00 0.000E+00 0.000E+00 0.000E+00 0.000E+00 0.000E+00 0.000E+00
 0.000E+00 0.000E+00 0.000E+00 0.000E+00 0.000E+00 0.000E+00 0.000E+00 0.000E+00
 0.000E+00 0.000E+00 0.000E+00 0.000E+00 0.000E+00 0.000E+00 0.000E+00 0.000E+00
 0.000E+00 0.000E+00 0.000E+00 0.000E+00 0.000E+00 0.000E+00 0.000E+00 0.000E+00
 0.000E+00 0.000E+00 0.000E+00 0.000E+00 0.000E+00 0.000E+00 0.000E+00 0.000E+00
 0.000E+00 0.000E+00 0.000E+00 0.000E+00
                                   Total (all groups):  1.548E-12 neutrons/sec-cm**3   .
                               Average Neutron Energy:  1.080E+00 MeV.


 (a,n) neutrons/sec-cc from  6.34600E+14 at/cc th232  alphas on al 27  in target
 1.042E-15 1.296E-15 9.627E-16 1.984E-15 4.660E-15 7.515E-15 8.599E-15 7.181E-15
 5.075E-15 2.796E-15 6.919E-16 0.000E+00 0.000E+00 0.000E+00 0.000E+00 0.000E+00
 0.000E+00 0.000E+00 0.000E+00 0.000E+00 0.000E+00 0.000E+00 0.000E+00 0.000E+00
 0.000E+00 0.000E+00 0.000E+00 0.000E+00 0.000E+00 0.000E+00 0.000E+00 0.000E+00
 0.000E+00 0.000E+00 0.000E+00 0.000E+00 0.000E+00 0.000E+00 0.000E+00 0.000E+00
 0.000E+00 0.000E+00 0.000E+00 0.000E+00 0.000E+00 0.000E+00 0.000E+00 0.000E+00
 0.000E+00 0.000E+00 0.000E+00 0.000E+00 0.000E+00 0.000E+00 0.000E+00 0.000E+00
 0.000E+00 0.000E+00 0.000E+00 0.000E+00 0.000E+00 0.000E+00 0.000E+00 0.000E+00
 0.000E+00 0.000E+00 0.000E+00 0.000E+00 0.000E+00 0.000E+00 0.000E+00 0.000E+00
 0.000E+00 0.000E+00 0.000E+00 0.000E+00 0.000E+00 0.000E+00 0.000E+00 0.000E+00
 0.000E+00 0.000E+00 0.000E+00 0.000E+00 0.000E+00 0.000E+00 0.000E+00 0.000E+00
 0.000E+00 0.000E+00 0.000E+00 0.000E+00 0.000E+00 0.000E+00 0.000E+00 0.000E+00
 0.000E+00 0.000E+00 0.000E+00 0.000E+00
                                   Total (all groups):  4.180E-14 neutrons/sec-cm**3   .
                               Average Neutron Energy:  6.239E-01 MeV.



 Total (alpha,n) neutron spectrum this target
 1.224E-13 2.931E-13 3.828E-13 4.578E-13 5.081E-13 5.523E-13 5.586E-13 5.353E-13
 5.122E-13 5.022E-13 4.740E-13 4.340E-13 4.262E-13 4.180E-13 4.088E-13 3.996E-13
 3.771E-13 3.385E-13 3.126E-13 2.821E-13 2.590E-13 2.386E-13 2.138E-13 1.741E-13
 1.337E-13 1.009E-13 7.996E-14 6.397E-14 5.380E-14 4.318E-14 3.183E-14 1.998E-14
 7.693E-15 8.422E-17 0.000E+00 0.000E+00 0.000E+00 0.000E+00 0.000E+00 0.000E+00
 0.000E+00 0.000E+00 0.000E+00 0.000E+00 0.000E+00 0.000E+00 0.000E+00 0.000E+00
 0.000E+00 0.000E+00 0.000E+00 0.000E+00 0.000E+00 0.000E+00 0.000E+00 0.000E+00
 0.000E+00 0.000E+00 0.000E+00 0.000E+00 0.000E+00 0.000E+00 0.000E+00 0.000E+00
 0.000E+00 0.000E+00 0.000E+00 0.000E+00 0.000E+00 0.000E+00 0.000E+00 0.000E+00
 0.000E+00 0.000E+00 0.000E+00 0.000E+00 0.000E+00 0.000E+00 0.000E+00 0.000E+00
 0.000E+00 0.000E+00 0.000E+00 0.000E+00 0.000E+00 0.000E+00 0.000E+00 0.000E+00
 0.000E+00 0.000E+00 0.000E+00 0.000E+00 0.000E+00 0.000E+00 0.000E+00 0.000E+00
 0.000E+00 0.000E+00 0.000E+00 0.000E+00
                                   Total (all groups):  9.716E-12 neutrons/sec-cm**3   .
                               Average Neutron Energy:  1.187E+00 MeV.
 

--------------------------------------------------------------------------------
 


 (a,n) neutrons/sec-cc from  7.94266E-02 at/cc rn220  alphas on si 29  in target
 8.309E-15 1.919E-14 2.869E-14 4.243E-14 5.529E-14 6.669E-14 7.250E-14 7.864E-14
 8.915E-14 1.120E-13 1.222E-13 1.456E-13 1.644E-13 1.744E-13 1.624E-13 1.478E-13
 1.307E-13 1.204E-13 9.791E-14 7.787E-14 5.247E-14 3.619E-14 3.705E-14 3.946E-14
 3.800E-14 3.770E-14 3.859E-14 4.106E-14 4.530E-14 4.969E-14 5.285E-14 5.631E-14
 5.935E-14 5.957E-14 5.521E-14 5.137E-14 4.740E-14 4.316E-14 3.797E-14 3.156E-14
 2.644E-14 2.103E-14 1.395E-14 8.067E-15 2.205E-15 4.115E-19 0.000E+00 0.000E+00
 0.000E+00 0.000E+00 0.000E+00 0.000E+00 0.000E+00 0.000E+00 0.000E+00 0.000E+00
 0.000E+00 0.000E+00 0.000E+00 0.000E+00 0.000E+00 0.000E+00 0.000E+00 0.000E+00
 0.000E+00 0.000E+00 0.000E+00 0.000E+00 0.000E+00 0.000E+00 0.000E+00 0.000E+00
 0.000E+00 0.000E+00 0.000E+00 0.000E+00 0.000E+00 0.000E+00 0.000E+00 0.000E+00
 0.000E+00 0.000E+00 0.000E+00 0.000E+00 0.000E+00 0.000E+00 0.000E+00 0.000E+00
 0.000E+00 0.000E+00 0.000E+00 0.000E+00 0.000E+00 0.000E+00 0.000E+00 0.000E+00
 0.000E+00 0.000E+00 0.000E+00 0.000E+00
                                   Total (all groups):  2.899E-12 neutrons/sec-cm**3   .
                               Average Neutron Energy:  1.858E+00 MeV.


 (a,n) neutrons/sec-cc from  4.46916E+02 at/cc ra224  alphas on si 29  in target
 4.706E-15 1.454E-14 2.585E-14 4.148E-14 5.469E-14 6.597E-14 7.173E-14 7.753E-14
 8.669E-14 9.168E-14 7.707E-14 6.395E-14 5.043E-14 3.848E-14 2.630E-14 1.896E-14
 2.186E-14 2.902E-14 3.536E-14 3.780E-14 3.707E-14 3.509E-14 3.665E-14 3.904E-14
 3.760E-14 3.730E-14 3.818E-14 4.039E-14 4.333E-14 4.152E-14 3.731E-14 3.247E-14
 2.769E-14 2.470E-14 2.039E-14 1.658E-14 1.266E-14 8.615E-15 3.734E-15 1.264E-16
 0.000E+00 0.000E+00 0.000E+00 0.000E+00 0.000E+00 0.000E+00 0.000E+00 0.000E+00
 0.000E+00 0.000E+00 0.000E+00 0.000E+00 0.000E+00 0.000E+00 0.000E+00 0.000E+00
 0.000E+00 0.000E+00 0.000E+00 0.000E+00 0.000E+00 0.000E+00 0.000E+00 0.000E+00
 0.000E+00 0.000E+00 0.000E+00 0.000E+00 0.000E+00 0.000E+00 0.000E+00 0.000E+00
 0.000E+00 0.000E+00 0.000E+00 0.000E+00 0.000E+00 0.000E+00 0.000E+00 0.000E+00
 0.000E+00 0.000E+00 0.000E+00 0.000E+00 0.000E+00 0.000E+00 0.000E+00 0.000E+00
 0.000E+00 0.000E+00 0.000E+00 0.000E+00 0.000E+00 0.000E+00 0.000E+00 0.000E+00
 0.000E+00 0.000E+00 0.000E+00 0.000E+00
                                   Total (all groups):  1.505E-12 neutrons/sec-cm**3   .
                               Average Neutron Energy:  1.658E+00 MeV.


 (a,n) neutrons/sec-cc from  8.61085E+04 at/cc th228  alphas on si 29  in target
 4.748E-15 1.467E-14 2.609E-14 4.187E-14 5.520E-14 6.657E-14 7.151E-14 6.757E-14
 5.190E-14 4.234E-14 2.760E-14 1.447E-14 4.069E-15 3.477E-15 9.833E-15 1.740E-14
 2.206E-14 2.929E-14 3.569E-14 3.815E-14 3.742E-14 3.542E-14 3.699E-14 3.940E-14
 3.794E-14 3.762E-14 3.750E-14 3.474E-14 3.179E-14 2.863E-14 2.438E-14 1.950E-14
 1.467E-14 1.165E-14 7.309E-15 3.514E-15 5.452E-16 0.000E+00 0.000E+00 0.000E+00
 0.000E+00 0.000E+00 0.000E+00 0.000E+00 0.000E+00 0.000E+00 0.000E+00 0.000E+00
 0.000E+00 0.000E+00 0.000E+00 0.000E+00 0.000E+00 0.000E+00 0.000E+00 0.000E+00
 0.000E+00 0.000E+00 0.000E+00 0.000E+00 0.000E+00 0.000E+00 0.000E+00 0.000E+00
 0.000E+00 0.000E+00 0.000E+00 0.000E+00 0.000E+00 0.000E+00 0.000E+00 0.000E+00
 0.000E+00 0.000E+00 0.000E+00 0.000E+00 0.000E+00 0.000E+00 0.000E+00 0.000E+00
 0.000E+00 0.000E+00 0.000E+00 0.000E+00 0.000E+00 0.000E+00 0.000E+00 0.000E+00
 0.000E+00 0.000E+00 0.000E+00 0.000E+00 0.000E+00 0.000E+00 0.000E+00 0.000E+00
 0.000E+00 0.000E+00 0.000E+00 0.000E+00
                                   Total (all groups):  1.084E-12 neutrons/sec-cm**3   .
                               Average Neutron Energy:  1.607E+00 MeV.


 (a,n) neutrons/sec-cc from  6.34600E+14 at/cc th232  alphas on si 29  in target
 1.140E-17 3.591E-17 6.189E-17 8.932E-17 1.182E-16 1.485E-16 1.802E-16 2.234E-16
 3.020E-16 4.206E-16 5.924E-16 9.440E-16 1.457E-15 3.491E-15 9.872E-15 1.743E-14
 1.998E-14 1.964E-14 1.904E-14 1.701E-14 1.213E-14 5.684E-15 1.124E-15 0.000E+00
 0.000E+00 0.000E+00 0.000E+00 0.000E+00 0.000E+00 0.000E+00 0.000E+00 0.000E+00
 0.000E+00 0.000E+00 0.000E+00 0.000E+00 0.000E+00 0.000E+00 0.000E+00 0.000E+00
 0.000E+00 0.000E+00 0.000E+00 0.000E+00 0.000E+00 0.000E+00 0.000E+00 0.000E+00
 0.000E+00 0.000E+00 0.000E+00 0.000E+00 0.000E+00 0.000E+00 0.000E+00 0.000E+00
 0.000E+00 0.000E+00 0.000E+00 0.000E+00 0.000E+00 0.000E+00 0.000E+00 0.000E+00
 0.000E+00 0.000E+00 0.000E+00 0.000E+00 0.000E+00 0.000E+00 0.000E+00 0.000E+00
 0.000E+00 0.000E+00 0.000E+00 0.000E+00 0.000E+00 0.000E+00 0.000E+00 0.000E+00
 0.000E+00 0.000E+00 0.000E+00 0.000E+00 0.000E+00 0.000E+00 0.000E+00 0.000E+00
 0.000E+00 0.000E+00 0.000E+00 0.000E+00 0.000E+00 0.000E+00 0.000E+00 0.000E+00
 0.000E+00 0.000E+00 0.000E+00 0.000E+00
                                   Total (all groups):  1.300E-13 neutrons/sec-cm**3   .
                               Average Neutron Energy:  1.739E+00 MeV.



 Total (alpha,n) neutron spectrum this target
 1.777E-14 4.844E-14 8.069E-14 1.259E-13 1.653E-13 1.994E-13 2.159E-13 2.240E-13
 2.280E-13 2.465E-13 2.275E-13 2.250E-13 2.204E-13 2.198E-13 2.084E-13 2.016E-13
 1.946E-13 1.983E-13 1.880E-13 1.708E-13 1.391E-13 1.124E-13 1.118E-13 1.179E-13
 1.135E-13 1.126E-13 1.143E-13 1.162E-13 1.204E-13 1.198E-13 1.145E-13 1.083E-13
 1.017E-13 9.592E-14 8.291E-14 7.147E-14 6.061E-14 5.177E-14 4.170E-14 3.169E-14
 2.644E-14 2.103E-14 1.395E-14 8.067E-15 2.205E-15 4.115E-19 0.000E+00 0.000E+00
 0.000E+00 0.000E+00 0.000E+00 0.000E+00 0.000E+00 0.000E+00 0.000E+00 0.000E+00
 0.000E+00 0.000E+00 0.000E+00 0.000E+00 0.000E+00 0.000E+00 0.000E+00 0.000E+00
 0.000E+00 0.000E+00 0.000E+00 0.000E+00 0.000E+00 0.000E+00 0.000E+00 0.000E+00
 0.000E+00 0.000E+00 0.000E+00 0.000E+00 0.000E+00 0.000E+00 0.000E+00 0.000E+00
 0.000E+00 0.000E+00 0.000E+00 0.000E+00 0.000E+00 0.000E+00 0.000E+00 0.000E+00
 0.000E+00 0.000E+00 0.000E+00 0.000E+00 0.000E+00 0.000E+00 0.000E+00 0.000E+00
 0.000E+00 0.000E+00 0.000E+00 0.000E+00
                                   Total (all groups):  5.617E-12 neutrons/sec-cm**3   .
                               Average Neutron Energy:  1.753E+00 MeV.
 

--------------------------------------------------------------------------------
 


 (a,n) neutrons/sec-cc from  7.94266E-02 at/cc rn220  alphas on si 30  in target
 1.793E-14 2.162E-14 1.774E-14 2.907E-14 4.292E-14 6.028E-14 7.055E-14 7.548E-14
 7.487E-14 7.024E-14 7.667E-14 7.820E-14 8.065E-14 8.539E-14 9.237E-14 9.669E-14
 9.463E-14 7.703E-14 6.909E-14 5.717E-14 4.517E-14 3.243E-14 2.034E-14 1.082E-14
 2.448E-16 0.000E+00 0.000E+00 0.000E+00 0.000E+00 0.000E+00 0.000E+00 0.000E+00
 0.000E+00 0.000E+00 0.000E+00 0.000E+00 0.000E+00 0.000E+00 0.000E+00 0.000E+00
 0.000E+00 0.000E+00 0.000E+00 0.000E+00 0.000E+00 0.000E+00 0.000E+00 0.000E+00
 0.000E+00 0.000E+00 0.000E+00 0.000E+00 0.000E+00 0.000E+00 0.000E+00 0.000E+00
 0.000E+00 0.000E+00 0.000E+00 0.000E+00 0.000E+00 0.000E+00 0.000E+00 0.000E+00
 0.000E+00 0.000E+00 0.000E+00 0.000E+00 0.000E+00 0.000E+00 0.000E+00 0.000E+00
 0.000E+00 0.000E+00 0.000E+00 0.000E+00 0.000E+00 0.000E+00 0.000E+00 0.000E+00
 0.000E+00 0.000E+00 0.000E+00 0.000E+00 0.000E+00 0.000E+00 0.000E+00 0.000E+00
 0.000E+00 0.000E+00 0.000E+00 0.000E+00 0.000E+00 0.000E+00 0.000E+00 0.000E+00
 0.000E+00 0.000E+00 0.000E+00 0.000E+00
                                   Total (all groups):  1.398E-12 neutrons/sec-cm**3   .
                               Average Neutron Energy:  1.244E+00 MeV.


 (a,n) neutrons/sec-cc from  4.46916E+02 at/cc ra224  alphas on si 30  in target
 1.148E-14 1.985E-14 1.755E-14 2.855E-14 4.153E-14 5.422E-14 5.946E-14 5.956E-14
 5.484E-14 5.000E-14 5.922E-14 6.204E-14 5.437E-14 4.653E-14 3.968E-14 3.266E-14
 2.274E-14 6.181E-15 6.430E-16 0.000E+00 0.000E+00 0.000E+00 0.000E+00 0.000E+00
 0.000E+00 0.000E+00 0.000E+00 0.000E+00 0.000E+00 0.000E+00 0.000E+00 0.000E+00
 0.000E+00 0.000E+00 0.000E+00 0.000E+00 0.000E+00 0.000E+00 0.000E+00 0.000E+00
 0.000E+00 0.000E+00 0.000E+00 0.000E+00 0.000E+00 0.000E+00 0.000E+00 0.000E+00
 0.000E+00 0.000E+00 0.000E+00 0.000E+00 0.000E+00 0.000E+00 0.000E+00 0.000E+00
 0.000E+00 0.000E+00 0.000E+00 0.000E+00 0.000E+00 0.000E+00 0.000E+00 0.000E+00
 0.000E+00 0.000E+00 0.000E+00 0.000E+00 0.000E+00 0.000E+00 0.000E+00 0.000E+00
 0.000E+00 0.000E+00 0.000E+00 0.000E+00 0.000E+00 0.000E+00 0.000E+00 0.000E+00
 0.000E+00 0.000E+00 0.000E+00 0.000E+00 0.000E+00 0.000E+00 0.000E+00 0.000E+00
 0.000E+00 0.000E+00 0.000E+00 0.000E+00 0.000E+00 0.000E+00 0.000E+00 0.000E+00
 0.000E+00 0.000E+00 0.000E+00 0.000E+00
                                   Total (all groups):  7.211E-13 neutrons/sec-cm**3   .
                               Average Neutron Energy:  9.234E-01 MeV.


 (a,n) neutrons/sec-cc from  8.61085E+04 at/cc th228  alphas on si 30  in target
 1.159E-14 2.003E-14 1.729E-14 2.364E-14 3.237E-14 4.480E-14 5.092E-14 5.518E-14
 5.409E-14 4.854E-14 4.178E-14 3.144E-14 2.207E-14 1.416E-14 7.292E-15 1.682E-15
 0.000E+00 0.000E+00 0.000E+00 0.000E+00 0.000E+00 0.000E+00 0.000E+00 0.000E+00
 0.000E+00 0.000E+00 0.000E+00 0.000E+00 0.000E+00 0.000E+00 0.000E+00 0.000E+00
 0.000E+00 0.000E+00 0.000E+00 0.000E+00 0.000E+00 0.000E+00 0.000E+00 0.000E+00
 0.000E+00 0.000E+00 0.000E+00 0.000E+00 0.000E+00 0.000E+00 0.000E+00 0.000E+00
 0.000E+00 0.000E+00 0.000E+00 0.000E+00 0.000E+00 0.000E+00 0.000E+00 0.000E+00
 0.000E+00 0.000E+00 0.000E+00 0.000E+00 0.000E+00 0.000E+00 0.000E+00 0.000E+00
 0.000E+00 0.000E+00 0.000E+00 0.000E+00 0.000E+00 0.000E+00 0.000E+00 0.000E+00
 0.000E+00 0.000E+00 0.000E+00 0.000E+00 0.000E+00 0.000E+00 0.000E+00 0.000E+00
 0.000E+00 0.000E+00 0.000E+00 0.000E+00 0.000E+00 0.000E+00 0.000E+00 0.000E+00
 0.000E+00 0.000E+00 0.000E+00 0.000E+00 0.000E+00 0.000E+00 0.000E+00 0.000E+00
 0.000E+00 0.000E+00 0.000E+00 0.000E+00
                                   Total (all groups):  4.769E-13 neutrons/sec-cm**3   .
                               Average Neutron Energy:  7.587E-01 MeV.


 (a,n) neutrons/sec-cc from  6.34600E+14 at/cc th232  alphas on si 30  in target
 3.388E-16 6.863E-18 0.000E+00 0.000E+00 0.000E+00 0.000E+00 0.000E+00 0.000E+00
 0.000E+00 0.000E+00 0.000E+00 0.000E+00 0.000E+00 0.000E+00 0.000E+00 0.000E+00
 0.000E+00 0.000E+00 0.000E+00 0.000E+00 0.000E+00 0.000E+00 0.000E+00 0.000E+00
 0.000E+00 0.000E+00 0.000E+00 0.000E+00 0.000E+00 0.000E+00 0.000E+00 0.000E+00
 0.000E+00 0.000E+00 0.000E+00 0.000E+00 0.000E+00 0.000E+00 0.000E+00 0.000E+00
 0.000E+00 0.000E+00 0.000E+00 0.000E+00 0.000E+00 0.000E+00 0.000E+00 0.000E+00
 0.000E+00 0.000E+00 0.000E+00 0.000E+00 0.000E+00 0.000E+00 0.000E+00 0.000E+00
 0.000E+00 0.000E+00 0.000E+00 0.000E+00 0.000E+00 0.000E+00 0.000E+00 0.000E+00
 0.000E+00 0.000E+00 0.000E+00 0.000E+00 0.000E+00 0.000E+00 0.000E+00 0.000E+00
 0.000E+00 0.000E+00 0.000E+00 0.000E+00 0.000E+00 0.000E+00 0.000E+00 0.000E+00
 0.000E+00 0.000E+00 0.000E+00 0.000E+00 0.000E+00 0.000E+00 0.000E+00 0.000E+00
 0.000E+00 0.000E+00 0.000E+00 0.000E+00 0.000E+00 0.000E+00 0.000E+00 0.000E+00
 0.000E+00 0.000E+00 0.000E+00 0.000E+00
                                   Total (all groups):  3.457E-16 neutrons/sec-cm**3   .
                               Average Neutron Energy:  4.586E-02 MeV.



 Total (alpha,n) neutron spectrum this target
 4.134E-14 6.151E-14 5.257E-14 8.127E-14 1.168E-13 1.593E-13 1.809E-13 1.902E-13
 1.838E-13 1.688E-13 1.777E-13 1.717E-13 1.571E-13 1.461E-13 1.393E-13 1.310E-13
 1.174E-13 8.321E-14 6.973E-14 5.717E-14 4.517E-14 3.243E-14 2.034E-14 1.082E-14
 2.448E-16 0.000E+00 0.000E+00 0.000E+00 0.000E+00 0.000E+00 0.000E+00 0.000E+00
 0.000E+00 0.000E+00 0.000E+00 0.000E+00 0.000E+00 0.000E+00 0.000E+00 0.000E+00
 0.000E+00 0.000E+00 0.000E+00 0.000E+00 0.000E+00 0.000E+00 0.000E+00 0.000E+00
 0.000E+00 0.000E+00 0.000E+00 0.000E+00 0.000E+00 0.000E+00 0.000E+00 0.000E+00
 0.000E+00 0.000E+00 0.000E+00 0.000E+00 0.000E+00 0.000E+00 0.000E+00 0.000E+00
 0.000E+00 0.000E+00 0.000E+00 0.000E+00 0.000E+00 0.000E+00 0.000E+00 0.000E+00
 0.000E+00 0.000E+00 0.000E+00 0.000E+00 0.000E+00 0.000E+00 0.000E+00 0.000E+00
 0.000E+00 0.000E+00 0.000E+00 0.000E+00 0.000E+00 0.000E+00 0.000E+00 0.000E+00
 0.000E+00 0.000E+00 0.000E+00 0.000E+00 0.000E+00 0.000E+00 0.000E+00 0.000E+00
 0.000E+00 0.000E+00 0.000E+00 0.000E+00
                                   Total (all groups):  2.596E-12 neutrons/sec-cm**3   .
                               Average Neutron Energy:  1.066E+00 MeV.
 

--------------------------------------------------------------------------------
 

--------------------------------------------------------------------------------



 Grand total (alpha,n) neutron spectrum, all targets, all sources
 3.100E-13 6.914E-13 9.225E-13 1.158E-12 1.333E-12 1.483E-12 1.556E-12 1.583E-12
 1.585E-12 1.601E-12 1.582E-12 1.540E-12 1.517E-12 1.493E-12 1.450E-12 1.395E-12
 1.322E-12 1.227E-12 1.151E-12 1.060E-12 9.585E-13 8.743E-13 8.109E-13 7.368E-13
 6.575E-13 6.047E-13 5.623E-13 5.284E-13 4.989E-13 4.634E-13 4.282E-13 3.941E-13
 3.585E-13 3.241E-13 2.919E-13 2.636E-13 2.353E-13 2.107E-13 1.851E-13 1.586E-13
 1.404E-13 1.241E-13 1.051E-13 8.949E-14 7.587E-14 6.694E-14 5.936E-14 5.241E-14
 4.671E-14 4.263E-14 3.887E-14 3.504E-14 3.154E-14 2.900E-14 2.646E-14 2.399E-14
 2.187E-14 1.975E-14 1.765E-14 1.553E-14 1.342E-14 1.190E-14 1.099E-14 9.959E-15
 9.210E-15 8.485E-15 7.795E-15 7.111E-15 6.384E-15 5.546E-15 5.104E-15 4.758E-15
 4.392E-15 4.009E-15 3.612E-15 3.204E-15 2.787E-15 2.368E-15 1.946E-15 1.554E-15
 1.251E-15 9.671E-16 7.412E-16 5.998E-16 4.606E-16 3.232E-16 1.879E-16 5.562E-17
 0.000E+00 0.000E+00 0.000E+00 0.000E+00 0.000E+00 0.000E+00 0.000E+00 0.000E+00
 0.000E+00 0.000E+00 0.000E+00 0.000E+00
                                   Total (all groups):  3.670E-11 neutrons/sec-cm**3   .
                               Average Neutron Energy:  1.613E+00 MeV.
 

--------------------------------------------------------------------------------

--------------------------------------------------------------------------------
 


 S.F. neutrons/cc from  6.34600E+14 at/cc th232 
 5.910E-16 1.040E-15 1.285E-15 1.445E-15 1.548E-15 1.611E-15 1.643E-15 1.650E-15
 1.637E-15 1.608E-15 1.567E-15 1.517E-15 1.459E-15 1.397E-15 1.331E-15 1.263E-15
 1.194E-15 1.124E-15 1.056E-15 9.890E-16 9.237E-16 8.607E-16 8.002E-16 7.423E-16
 6.873E-16 6.352E-16 5.860E-16 5.397E-16 4.963E-16 4.557E-16 4.179E-16 3.827E-16
 3.500E-16 3.197E-16 2.917E-16 2.658E-16 2.420E-16 2.201E-16 2.000E-16 1.816E-16
 1.647E-16 1.492E-16 1.351E-16 1.222E-16 1.105E-16 9.980E-17 9.008E-17 8.125E-17
 7.324E-17 6.597E-17 5.938E-17 5.342E-17 4.803E-17 4.316E-17 3.876E-17 3.479E-17
 3.121E-17 2.798E-17 2.507E-17 2.246E-17 2.010E-17 1.799E-17 1.609E-17 1.438E-17
 1.285E-17 1.148E-17 1.025E-17 9.147E-18 8.160E-18 7.277E-18 6.486E-18 5.780E-18
 5.148E-18 4.585E-18 4.080E-18 3.631E-18 3.228E-18 2.872E-18 2.552E-18 2.268E-18
 2.014E-18 1.789E-18 1.588E-18 1.409E-18 1.251E-18 1.109E-18 9.838E-19 8.725E-19
 7.719E-19 6.848E-19 6.067E-19 5.370E-19 4.762E-19 4.202E-19 3.731E-19 3.287E-19
 2.922E-19 2.578E-19 2.271E-19 2.012E-19
                                   Total (all groups):  3.821E-14 neutrons/sec-cm**3   .
                               Average Neutron Energy:  1.597E+00 MeV.
 

--------------------------------------------------------------------------------




 Total Neutron Spectrum
 3.106E-13 6.925E-13 9.238E-13 1.159E-12 1.335E-12 1.484E-12 1.558E-12 1.584E-12
 1.586E-12 1.603E-12 1.583E-12 1.542E-12 1.519E-12 1.494E-12 1.451E-12 1.396E-12
 1.323E-12 1.228E-12 1.153E-12 1.061E-12 9.594E-13 8.751E-13 8.117E-13 7.375E-13
 6.582E-13 6.053E-13 5.629E-13 5.289E-13 4.994E-13 4.638E-13 4.286E-13 3.945E-13
 3.589E-13 3.244E-13 2.922E-13 2.639E-13 2.356E-13 2.109E-13 1.853E-13 1.588E-13
 1.405E-13 1.243E-13 1.053E-13 8.961E-14 7.598E-14 6.704E-14 5.945E-14 5.249E-14
 4.678E-14 4.269E-14 3.893E-14 3.509E-14 3.159E-14 2.905E-14 2.650E-14 2.402E-14
 2.190E-14 1.978E-14 1.767E-14 1.555E-14 1.344E-14 1.192E-14 1.101E-14 9.973E-15
 9.223E-15 8.496E-15 7.805E-15 7.120E-15 6.392E-15 5.554E-15 5.111E-15 4.764E-15
 4.397E-15 4.014E-15 3.616E-15 3.207E-15 2.791E-15 2.371E-15 1.948E-15 1.557E-15
 1.253E-15 9.689E-16 7.428E-16 6.012E-16 4.619E-16 3.243E-16 1.889E-16 5.649E-17
 7.719E-19 6.848E-19 6.067E-19 5.370E-19 4.762E-19 4.202E-19 3.731E-19 3.287E-19
 2.922E-19 2.578E-19 2.271E-19 2.012E-19
                                   Total (all groups):  3.674E-11 neutrons/sec-cm**3   .
                               Average Neutron Energy:  1.613E+00 MeV.
 8.451E-03 1.884E-02 2.514E-02 3.155E-02 3.631E-02 4.039E-02 4.239E-02 4.311E-02
 4.317E-02 4.361E-02 4.309E-02 4.195E-02 4.133E-02 4.067E-02 3.948E-02 3.799E-02
 3.601E-02 3.343E-02 3.136E-02 2.888E-02 2.611E-02 2.381E-02 2.209E-02 2.007E-02
 1.791E-02 1.647E-02 1.532E-02 1.439E-02 1.359E-02 1.262E-02 1.166E-02 1.073E-02
 9.765E-03 8.827E-03 7.950E-03 7.181E-03 6.410E-03 5.738E-03 5.043E-03 4.322E-03
 3.824E-03 3.382E-03 2.865E-03 2.438E-03 2.068E-03 1.824E-03 1.618E-03 1.428E-03
 1.273E-03 1.162E-03 1.059E-03 9.549E-04 8.597E-04 7.904E-04 7.210E-04 6.537E-04
 5.959E-04 5.382E-04 4.809E-04 4.231E-04 3.656E-04 3.242E-04 2.996E-04 2.714E-04
 2.510E-04 2.312E-04 2.124E-04 1.938E-04 1.739E-04 1.511E-04 1.391E-04 1.296E-04
 1.197E-04 1.092E-04 9.839E-05 8.727E-05 7.593E-05 6.451E-05 5.302E-05 4.236E-05
 3.411E-05 2.636E-05 2.021E-05 1.636E-05 1.257E-05 8.825E-06 5.141E-06 1.537E-06
 2.100E-08 1.863E-08 1.651E-08 1.461E-08 1.296E-08 1.143E-08 1.015E-08 8.943E-09
 7.952E-09 7.014E-09 6.180E-09 5.474E-09
