SOURCES 4C Calculation
<<<<<<<<<<<>>>>>>>>>>>



                       Absolute Neutron Source Spectra
                       ~~~~~~~~~~~~~~~~~~~~~~~~~~~~~~~

Title: Bulk Shotcrete problem: N. Abgrall et al., Nucl. Instr. and Meth. A 828 (2016

 Neutron Multigroup Structure (MeV)
 0.000E+00 1.000E-01 2.000E-01 3.000E-01 4.000E-01 5.000E-01 6.000E-01 7.000E-01
 8.000E-01 9.000E-01 1.000E+00 1.100E+00 1.200E+00 1.300E+00 1.400E+00 1.500E+00
 1.600E+00 1.700E+00 1.800E+00 1.900E+00 2.000E+00 2.100E+00 2.200E+00 2.300E+00
 2.400E+00 2.500E+00 2.600E+00 2.700E+00 2.800E+00 2.900E+00 3.000E+00 3.100E+00
 3.200E+00 3.300E+00 3.400E+00 3.500E+00 3.600E+00 3.700E+00 3.800E+00 3.900E+00
 4.000E+00 4.100E+00 4.200E+00 4.300E+00 4.400E+00 4.500E+00 4.600E+00 4.700E+00
 4.800E+00 4.900E+00 5.000E+00 5.100E+00 5.200E+00 5.300E+00 5.400E+00 5.500E+00
 5.600E+00 5.700E+00 5.800E+00 5.900E+00 6.000E+00 6.100E+00 6.200E+00 6.300E+00
 6.400E+00 6.500E+00 6.600E+00 6.700E+00 6.800E+00 6.900E+00 7.000E+00 7.100E+00
 7.200E+00 7.300E+00 7.400E+00 7.500E+00 7.600E+00 7.700E+00 7.800E+00 7.900E+00
 8.000E+00 8.100E+00 8.200E+00 8.300E+00 8.400E+00 8.500E+00 8.600E+00 8.700E+00
 8.800E+00 8.900E+00 9.000E+00 9.100E+00 9.200E+00 9.300E+00 9.400E+00 9.500E+00
 9.600E+00 9.700E+00 9.800E+00 9.900E+00 1.000E+01

--------------------------------------------------------------------------------


 (a,n) neutrons/sec-cc from  9.55962E-07 at/cc at219  alphas on  c 13  in target
 4.572E-22 8.197E-22 1.065E-21 1.231E-21 1.235E-21 1.131E-21 1.022E-21 9.089E-22
 7.922E-22 6.723E-22 5.495E-22 4.236E-22 2.944E-22 1.619E-22 3.883E-23 3.099E-24
 0.000E+00 0.000E+00 0.000E+00 0.000E+00 1.188E-25 4.584E-25 6.966E-25 9.395E-25
 1.492E-24 3.015E-24 6.478E-24 1.008E-23 1.845E-23 4.774E-23 1.243E-22 2.376E-22
 3.030E-22 3.665E-22 4.107E-22 4.692E-22 5.820E-22 6.417E-22 6.672E-22 6.880E-22
 6.928E-22 6.987E-22 7.141E-22 7.076E-22 6.901E-22 7.263E-22 8.118E-22 9.156E-22
 1.011E-21 1.102E-21 1.201E-21 1.302E-21 1.300E-21 1.261E-21 1.191E-21 1.123E-21
 1.101E-21 1.095E-21 1.072E-21 1.051E-21 1.047E-21 1.042E-21 1.033E-21 1.028E-21
 1.004E-21 9.814E-22 9.656E-22 9.456E-22 9.251E-22 9.008E-22 8.377E-22 7.674E-22
 6.878E-22 6.119E-22 5.393E-22 4.657E-22 3.922E-22 3.193E-22 2.469E-22 1.751E-22
 1.039E-22 3.425E-23 3.914E-27 0.000E+00 0.000E+00 0.000E+00 0.000E+00 0.000E+00
 0.000E+00 0.000E+00 0.000E+00 0.000E+00 0.000E+00 0.000E+00 0.000E+00 0.000E+00
 0.000E+00 0.000E+00 0.000E+00 0.000E+00
                                   Total (all groups):  5.021E-20 neutrons/sec-cm**3   .
                               Average Neutron Energy:  4.502E+00 MeV.


 (a,n) neutrons/sec-cc from  3.75558E-03 at/cc fr223  alphas on  c 13  in target
 1.587E-24 1.669E-24 1.374E-24 7.816E-25 2.011E-25 2.831E-26 0.000E+00 0.000E+00
 0.000E+00 0.000E+00 0.000E+00 0.000E+00 0.000E+00 0.000E+00 0.000E+00 0.000E+00
 0.000E+00 0.000E+00 0.000E+00 0.000E+00 7.946E-28 3.066E-27 4.659E-27 6.284E-27
 9.976E-27 2.016E-26 4.330E-26 6.737E-26 1.233E-25 3.192E-25 8.312E-25 1.589E-24
 2.027E-24 2.451E-24 2.747E-24 3.138E-24 3.892E-24 4.292E-24 4.462E-24 4.602E-24
 4.634E-24 4.673E-24 4.776E-24 4.733E-24 4.615E-24 4.857E-24 5.395E-24 5.456E-24
 5.227E-24 4.974E-24 4.787E-24 4.660E-24 4.435E-24 4.178E-24 3.709E-24 3.254E-24
 3.103E-24 3.066E-24 2.910E-24 2.769E-24 2.747E-24 2.710E-24 2.654E-24 2.614E-24
 2.456E-24 2.306E-24 2.200E-24 2.066E-24 1.929E-24 1.766E-24 1.345E-24 8.742E-25
 3.420E-25 1.130E-26 0.000E+00 0.000E+00 0.000E+00 0.000E+00 0.000E+00 0.000E+00
 0.000E+00 0.000E+00 0.000E+00 0.000E+00 0.000E+00 0.000E+00 0.000E+00 0.000E+00
 0.000E+00 0.000E+00 0.000E+00 0.000E+00 0.000E+00 0.000E+00 0.000E+00 0.000E+00
 0.000E+00 0.000E+00 0.000E+00 0.000E+00
                                   Total (all groups):  1.485E-22 neutrons/sec-cm**3   .
                               Average Neutron Energy:  4.744E+00 MeV.


 (a,n) neutrons/sec-cc from  2.03200E+02 at/cc ra223  alphas on  c 13  in target
 4.565E-18 7.728E-18 7.569E-18 6.509E-18 5.252E-18 3.989E-18 2.711E-18 1.491E-18
 5.107E-19 7.973E-20 4.127E-21 2.752E-22 0.000E+00 0.000E+00 0.000E+00 0.000E+00
 0.000E+00 0.000E+00 0.000E+00 0.000E+00 1.423E-21 5.491E-21 8.344E-21 1.125E-20
 1.787E-20 3.610E-20 7.755E-20 1.207E-19 2.209E-19 5.717E-19 1.489E-18 2.846E-18
 3.629E-18 4.390E-18 4.919E-18 5.620E-18 6.971E-18 7.686E-18 7.992E-18 8.241E-18
 8.299E-18 8.369E-18 8.554E-18 8.476E-18 8.266E-18 8.699E-18 9.723E-18 1.095E-17
 1.181E-17 1.169E-17 1.136E-17 1.113E-17 1.073E-17 1.027E-17 9.430E-18 8.615E-18
 8.345E-18 8.277E-18 7.998E-18 7.746E-18 7.707E-18 7.641E-18 7.540E-18 7.469E-18
 7.186E-18 6.917E-18 6.727E-18 6.487E-18 6.241E-18 5.950E-18 5.195E-18 4.353E-18
 3.400E-18 2.492E-18 1.634E-18 8.175E-19 2.085E-19 7.521E-21 2.480E-22 0.000E+00
 0.000E+00 0.000E+00 0.000E+00 0.000E+00 0.000E+00 0.000E+00 0.000E+00 0.000E+00
 0.000E+00 0.000E+00 0.000E+00 0.000E+00 0.000E+00 0.000E+00 0.000E+00 0.000E+00
 0.000E+00 0.000E+00 0.000E+00 0.000E+00
                                   Total (all groups):  3.720E-16 neutrons/sec-cm**3   .
                               Average Neutron Energy:  4.671E+00 MeV.


 (a,n) neutrons/sec-cc from  1.41548E+05 at/cc ac227  alphas on  c 13  in target
 0.000E+00 0.000E+00 0.000E+00 0.000E+00 0.000E+00 0.000E+00 0.000E+00 0.000E+00
 0.000E+00 0.000E+00 0.000E+00 0.000E+00 0.000E+00 0.000E+00 0.000E+00 0.000E+00
 0.000E+00 0.000E+00 0.000E+00 0.000E+00 1.967E-23 7.590E-23 1.153E-22 1.555E-22
 2.468E-22 4.988E-22 1.072E-21 1.668E-21 3.053E-21 7.902E-21 2.058E-20 3.934E-20
 5.017E-20 6.068E-20 6.799E-20 7.768E-20 9.635E-20 1.062E-19 1.105E-19 1.139E-19
 1.147E-19 1.157E-19 1.182E-19 1.172E-19 1.133E-19 1.038E-19 9.555E-20 9.097E-20
 8.529E-20 7.904E-20 7.440E-20 7.127E-20 6.570E-20 5.933E-20 4.773E-20 3.647E-20
 3.272E-20 3.179E-20 2.794E-20 2.445E-20 2.391E-20 2.300E-20 2.160E-20 2.062E-20
 1.670E-20 1.299E-20 1.037E-20 7.053E-21 3.707E-21 7.489E-22 0.000E+00 0.000E+00
 0.000E+00 0.000E+00 0.000E+00 0.000E+00 0.000E+00 0.000E+00 0.000E+00 0.000E+00
 0.000E+00 0.000E+00 0.000E+00 0.000E+00 0.000E+00 0.000E+00 0.000E+00 0.000E+00
 0.000E+00 0.000E+00 0.000E+00 0.000E+00 0.000E+00 0.000E+00 0.000E+00 0.000E+00
 0.000E+00 0.000E+00 0.000E+00 0.000E+00
                                   Total (all groups):  2.404E-18 neutrons/sec-cm**3   .
                               Average Neutron Energy:  4.484E+00 MeV.


 (a,n) neutrons/sec-cc from  3.29118E+02 at/cc th227  alphas on  c 13  in target
 3.492E-18 6.549E-18 7.579E-18 7.128E-18 6.178E-18 5.215E-18 4.223E-18 3.196E-18
 2.159E-18 1.346E-18 8.003E-19 3.384E-19 4.739E-20 9.426E-22 0.000E+00 0.000E+00
 0.000E+00 0.000E+00 0.000E+00 0.000E+00 1.080E-21 4.166E-21 6.330E-21 8.537E-21
 1.355E-20 2.739E-20 5.884E-20 9.155E-20 1.676E-19 4.338E-19 1.129E-18 2.159E-18
 2.754E-18 3.330E-18 3.732E-18 4.263E-18 5.289E-18 5.832E-18 6.063E-18 6.252E-18
 6.296E-18 6.349E-18 6.489E-18 6.431E-18 6.271E-18 6.600E-18 7.377E-18 8.320E-18
 9.172E-18 9.592E-18 9.729E-18 9.602E-18 9.297E-18 8.947E-18 8.310E-18 7.692E-18
 7.486E-18 7.435E-18 7.224E-18 7.033E-18 7.003E-18 6.953E-18 6.876E-18 6.822E-18
 6.607E-18 6.403E-18 6.260E-18 6.077E-18 5.891E-18 5.670E-18 5.097E-18 4.458E-18
 3.735E-18 3.045E-18 2.386E-18 1.716E-18 1.063E-18 6.019E-19 3.160E-19 7.104E-20
 0.000E+00 0.000E+00 0.000E+00 0.000E+00 0.000E+00 0.000E+00 0.000E+00 0.000E+00
 0.000E+00 0.000E+00 0.000E+00 0.000E+00 0.000E+00 0.000E+00 0.000E+00 0.000E+00
 0.000E+00 0.000E+00 0.000E+00 0.000E+00
                                   Total (all groups):  3.326E-16 neutrons/sec-cm**3   .
                               Average Neutron Energy:  4.620E+00 MeV.


 (a,n) neutrons/sec-cc from  2.12652E+08 at/cc pa231  alphas on  c 13  in target
 6.035E-21 3.736E-21 0.000E+00 0.000E+00 0.000E+00 0.000E+00 0.000E+00 0.000E+00
 0.000E+00 0.000E+00 0.000E+00 0.000E+00 0.000E+00 0.000E+00 0.000E+00 0.000E+00
 0.000E+00 0.000E+00 0.000E+00 0.000E+00 1.374E-21 5.303E-21 8.058E-21 1.087E-20
 1.725E-20 3.486E-20 7.491E-20 1.165E-19 2.133E-19 5.522E-19 1.438E-18 2.749E-18
 3.505E-18 4.240E-18 4.751E-18 5.427E-18 6.732E-18 7.423E-18 7.718E-18 7.959E-18
 8.015E-18 8.082E-18 8.261E-18 8.180E-18 7.916E-18 7.570E-18 7.002E-18 6.683E-18
 6.286E-18 5.849E-18 5.525E-18 5.306E-18 4.917E-18 4.472E-18 3.661E-18 2.874E-18
 2.613E-18 2.548E-18 2.278E-18 2.035E-18 1.997E-18 1.933E-18 1.835E-18 1.767E-18
 1.493E-18 1.234E-18 1.051E-18 8.231E-19 6.094E-19 3.779E-19 3.475E-20 0.000E+00
 0.000E+00 0.000E+00 0.000E+00 0.000E+00 0.000E+00 0.000E+00 0.000E+00 0.000E+00
 0.000E+00 0.000E+00 0.000E+00 0.000E+00 0.000E+00 0.000E+00 0.000E+00 0.000E+00
 0.000E+00 0.000E+00 0.000E+00 0.000E+00 0.000E+00 0.000E+00 0.000E+00 0.000E+00
 0.000E+00 0.000E+00 0.000E+00 0.000E+00
                                   Total (all groups):  1.762E-16 neutrons/sec-cm**3   .
                               Average Neutron Energy:  4.543E+00 MeV.


 (a,n) neutrons/sec-cc from  4.57180E+12 at/cc  u235  alphas on  c 13  in target
 0.000E+00 0.000E+00 0.000E+00 0.000E+00 0.000E+00 0.000E+00 0.000E+00 0.000E+00
 0.000E+00 0.000E+00 0.000E+00 0.000E+00 0.000E+00 0.000E+00 0.000E+00 0.000E+00
 0.000E+00 0.000E+00 0.000E+00 0.000E+00 1.320E-21 5.095E-21 7.741E-21 1.044E-20
 1.656E-20 3.347E-20 7.193E-20 1.119E-19 2.049E-19 5.304E-19 1.381E-18 2.641E-18
 3.367E-18 4.073E-18 4.564E-18 5.214E-18 6.468E-18 7.132E-18 7.415E-18 7.646E-18
 7.699E-18 7.729E-18 7.598E-18 7.170E-18 6.539E-18 5.793E-18 5.237E-18 4.929E-18
 4.548E-18 4.128E-18 3.817E-18 3.607E-18 3.233E-18 2.806E-18 2.027E-18 1.271E-18
 1.020E-18 9.570E-19 6.983E-19 4.644E-19 4.281E-19 3.668E-19 2.732E-19 2.111E-19
 6.480E-20 7.382E-21 7.014E-22 0.000E+00 0.000E+00 0.000E+00 0.000E+00 0.000E+00
 0.000E+00 0.000E+00 0.000E+00 0.000E+00 0.000E+00 0.000E+00 0.000E+00 0.000E+00
 0.000E+00 0.000E+00 0.000E+00 0.000E+00 0.000E+00 0.000E+00 0.000E+00 0.000E+00
 0.000E+00 0.000E+00 0.000E+00 0.000E+00 0.000E+00 0.000E+00 0.000E+00 0.000E+00
 0.000E+00 0.000E+00 0.000E+00 0.000E+00
                                   Total (all groups):  1.335E-16 neutrons/sec-cm**3   .
                               Average Neutron Energy:  4.270E+00 MeV.



 Total (alpha,n) neutron spectrum this target
 8.064E-18 1.428E-17 1.515E-17 1.364E-17 1.143E-17 9.205E-18 6.935E-18 4.688E-18
 2.670E-18 1.427E-18 8.050E-19 3.391E-19 4.768E-20 1.105E-21 3.883E-23 3.099E-24
 0.000E+00 0.000E+00 0.000E+00 0.000E+00 5.217E-21 2.013E-20 3.059E-20 4.126E-20
 6.548E-20 1.323E-19 2.843E-19 4.423E-19 8.098E-19 2.096E-18 5.458E-18 1.044E-17
 1.331E-17 1.609E-17 1.803E-17 2.060E-17 2.556E-17 2.818E-17 2.930E-17 3.021E-17
 3.042E-17 3.065E-17 3.102E-17 3.037E-17 2.911E-17 2.877E-17 2.944E-17 3.097E-17
 3.190E-17 3.134E-17 3.051E-17 2.972E-17 2.824E-17 2.656E-17 2.348E-17 2.049E-17
 1.950E-17 1.925E-17 1.823E-17 1.730E-17 1.716E-17 1.692E-17 1.655E-17 1.629E-17
 1.537E-17 1.457E-17 1.405E-17 1.340E-17 1.275E-17 1.200E-17 1.033E-17 8.812E-18
 7.135E-18 5.538E-18 4.020E-18 2.534E-18 1.272E-18 6.098E-19 3.165E-19 7.122E-20
 1.039E-22 3.425E-23 3.914E-27 0.000E+00 0.000E+00 0.000E+00 0.000E+00 0.000E+00
 0.000E+00 0.000E+00 0.000E+00 0.000E+00 0.000E+00 0.000E+00 0.000E+00 0.000E+00
 0.000E+00 0.000E+00 0.000E+00 0.000E+00
                                   Total (all groups):  1.017E-15 neutrons/sec-cm**3   .
                               Average Neutron Energy:  4.579E+00 MeV.
 

--------------------------------------------------------------------------------
 


 (a,n) neutrons/sec-cc from  9.55962E-07 at/cc at219  alphas on  o 17  in target
 8.943E-21 1.812E-20 2.591E-20 3.245E-20 3.658E-20 4.105E-20 4.478E-20 4.785E-20
 5.005E-20 4.706E-20 4.646E-20 4.423E-20 4.310E-20 4.393E-20 4.692E-20 4.956E-20
 5.312E-20 5.325E-20 5.046E-20 4.948E-20 5.337E-20 5.647E-20 6.063E-20 6.466E-20
 6.781E-20 6.994E-20 7.306E-20 7.466E-20 7.754E-20 8.084E-20 8.045E-20 7.891E-20
 7.637E-20 7.344E-20 7.074E-20 6.790E-20 6.430E-20 6.145E-20 5.737E-20 5.349E-20
 4.951E-20 4.535E-20 4.116E-20 3.711E-20 3.196E-20 2.674E-20 2.185E-20 1.721E-20
 1.369E-20 1.292E-20 1.214E-20 1.141E-20 1.081E-20 1.006E-20 9.245E-21 8.263E-21
 7.339E-21 6.462E-21 5.623E-21 4.805E-21 3.996E-21 3.197E-21 2.407E-21 1.627E-21
 8.513E-22 1.399E-22 0.000E+00 0.000E+00 0.000E+00 0.000E+00 0.000E+00 0.000E+00
 0.000E+00 0.000E+00 0.000E+00 0.000E+00 0.000E+00 0.000E+00 0.000E+00 0.000E+00
 0.000E+00 0.000E+00 0.000E+00 0.000E+00 0.000E+00 0.000E+00 0.000E+00 0.000E+00
 0.000E+00 0.000E+00 0.000E+00 0.000E+00 0.000E+00 0.000E+00 0.000E+00 0.000E+00
 0.000E+00 0.000E+00 0.000E+00 0.000E+00
                                   Total (all groups):  2.593E-18 neutrons/sec-cm**3   .
                               Average Neutron Energy:  2.653E+00 MeV.


 (a,n) neutrons/sec-cc from  3.75558E-03 at/cc fr223  alphas on  o 17  in target
 3.177E-23 7.060E-23 1.087E-22 1.335E-22 1.255E-22 1.198E-22 1.089E-22 9.292E-23
 7.552E-23 5.866E-23 7.191E-23 8.638E-23 1.030E-22 1.330E-22 1.779E-22 2.210E-22
 2.706E-22 2.980E-22 3.064E-22 3.256E-22 3.570E-22 3.777E-22 4.055E-22 4.320E-22
 4.247E-22 3.952E-22 3.733E-22 3.420E-22 3.201E-22 3.046E-22 2.944E-22 2.841E-22
 2.672E-22 2.476E-22 2.295E-22 2.105E-22 1.864E-22 1.669E-22 1.328E-22 1.038E-22
 9.587E-23 8.805E-23 7.970E-23 7.329E-23 6.526E-23 5.715E-23 5.099E-23 4.619E-23
 4.241E-23 3.854E-23 3.330E-23 2.840E-23 2.439E-23 1.936E-23 1.393E-23 7.363E-24
 1.455E-24 0.000E+00 0.000E+00 0.000E+00 0.000E+00 0.000E+00 0.000E+00 0.000E+00
 0.000E+00 0.000E+00 0.000E+00 0.000E+00 0.000E+00 0.000E+00 0.000E+00 0.000E+00
 0.000E+00 0.000E+00 0.000E+00 0.000E+00 0.000E+00 0.000E+00 0.000E+00 0.000E+00
 0.000E+00 0.000E+00 0.000E+00 0.000E+00 0.000E+00 0.000E+00 0.000E+00 0.000E+00
 0.000E+00 0.000E+00 0.000E+00 0.000E+00 0.000E+00 0.000E+00 0.000E+00 0.000E+00
 0.000E+00 0.000E+00 0.000E+00 0.000E+00
                                   Total (all groups):  9.540E-21 neutrons/sec-cm**3   .
                               Average Neutron Energy:  2.487E+00 MeV.


 (a,n) neutrons/sec-cc from  2.03200E+02 at/cc ra223  alphas on  o 17  in target
 9.777E-17 1.721E-16 2.273E-16 2.791E-16 3.277E-16 3.582E-16 3.426E-16 3.140E-16
 2.829E-16 2.527E-16 2.634E-16 2.476E-16 2.364E-16 2.570E-16 3.196E-16 3.958E-16
 4.846E-16 5.336E-16 5.488E-16 5.831E-16 6.393E-16 6.763E-16 7.262E-16 7.744E-16
 8.117E-16 8.302E-16 8.281E-16 7.740E-16 7.347E-16 7.070E-16 6.888E-16 6.703E-16
 6.400E-16 6.049E-16 5.725E-16 5.385E-16 4.954E-16 4.613E-16 4.122E-16 3.638E-16
 3.073E-16 2.454E-16 1.929E-16 1.638E-16 1.487E-16 1.341E-16 1.231E-16 1.145E-16
 1.077E-16 1.008E-16 9.142E-17 8.266E-17 7.548E-17 6.647E-17 5.673E-17 4.498E-17
 3.391E-17 2.346E-17 1.371E-17 5.566E-18 5.768E-19 3.253E-20 0.000E+00 0.000E+00
 0.000E+00 0.000E+00 0.000E+00 0.000E+00 0.000E+00 0.000E+00 0.000E+00 0.000E+00
 0.000E+00 0.000E+00 0.000E+00 0.000E+00 0.000E+00 0.000E+00 0.000E+00 0.000E+00
 0.000E+00 0.000E+00 0.000E+00 0.000E+00 0.000E+00 0.000E+00 0.000E+00 0.000E+00
 0.000E+00 0.000E+00 0.000E+00 0.000E+00 0.000E+00 0.000E+00 0.000E+00 0.000E+00
 0.000E+00 0.000E+00 0.000E+00 0.000E+00
                                   Total (all groups):  2.161E-14 neutrons/sec-cm**3   .
                               Average Neutron Energy:  2.549E+00 MeV.


 (a,n) neutrons/sec-cc from  1.41548E+05 at/cc ac227  alphas on  o 17  in target
 7.831E-19 1.404E-18 1.235E-18 9.579E-19 7.242E-19 6.017E-19 5.538E-19 6.819E-19
 8.079E-19 1.013E-18 1.766E-18 2.138E-18 2.549E-18 3.293E-18 4.404E-18 5.469E-18
 6.699E-18 7.376E-18 7.585E-18 8.059E-18 8.833E-18 9.157E-18 8.869E-18 8.322E-18
 7.701E-18 6.972E-18 6.430E-18 5.655E-18 5.112E-18 4.729E-18 4.478E-18 4.222E-18
 3.802E-18 3.318E-18 2.875E-18 2.395E-18 2.177E-18 2.123E-18 2.047E-18 1.951E-18
 1.809E-18 1.616E-18 1.409E-18 1.250E-18 1.051E-18 8.507E-19 6.981E-19 5.794E-19
 4.857E-19 3.899E-19 2.601E-19 1.396E-19 4.537E-20 2.577E-22 0.000E+00 0.000E+00
 0.000E+00 0.000E+00 0.000E+00 0.000E+00 0.000E+00 0.000E+00 0.000E+00 0.000E+00
 0.000E+00 0.000E+00 0.000E+00 0.000E+00 0.000E+00 0.000E+00 0.000E+00 0.000E+00
 0.000E+00 0.000E+00 0.000E+00 0.000E+00 0.000E+00 0.000E+00 0.000E+00 0.000E+00
 0.000E+00 0.000E+00 0.000E+00 0.000E+00 0.000E+00 0.000E+00 0.000E+00 0.000E+00
 0.000E+00 0.000E+00 0.000E+00 0.000E+00 0.000E+00 0.000E+00 0.000E+00 0.000E+00
 0.000E+00 0.000E+00 0.000E+00 0.000E+00
                                   Total (all groups):  1.699E-16 neutrons/sec-cm**3   .
                               Average Neutron Energy:  2.394E+00 MeV.


 (a,n) neutrons/sec-cc from  3.29118E+02 at/cc th227  alphas on  o 17  in target
 7.998E-17 1.504E-16 1.988E-16 2.371E-16 2.733E-16 3.104E-16 3.194E-16 3.076E-16
 2.798E-16 2.560E-16 2.641E-16 2.518E-16 2.415E-16 2.493E-16 2.825E-16 3.245E-16
 3.778E-16 4.054E-16 4.163E-16 4.424E-16 4.850E-16 5.131E-16 5.510E-16 5.876E-16
 6.162E-16 6.355E-16 6.553E-16 6.390E-16 6.227E-16 6.019E-16 5.881E-16 5.741E-16
 5.511E-16 5.244E-16 4.999E-16 4.741E-16 4.413E-16 4.155E-16 3.784E-16 3.431E-16
 3.045E-16 2.603E-16 2.135E-16 1.753E-16 1.473E-16 1.218E-16 1.063E-16 9.973E-17
 9.459E-17 8.933E-17 8.221E-17 7.556E-17 7.011E-17 6.327E-17 5.589E-17 4.697E-17
 3.857E-17 3.060E-17 2.298E-17 1.557E-17 8.974E-18 5.152E-18 2.209E-18 1.568E-19
 0.000E+00 0.000E+00 0.000E+00 0.000E+00 0.000E+00 0.000E+00 0.000E+00 0.000E+00
 0.000E+00 0.000E+00 0.000E+00 0.000E+00 0.000E+00 0.000E+00 0.000E+00 0.000E+00
 0.000E+00 0.000E+00 0.000E+00 0.000E+00 0.000E+00 0.000E+00 0.000E+00 0.000E+00
 0.000E+00 0.000E+00 0.000E+00 0.000E+00 0.000E+00 0.000E+00 0.000E+00 0.000E+00
 0.000E+00 0.000E+00 0.000E+00 0.000E+00
                                   Total (all groups):  1.850E-14 neutrons/sec-cm**3   .
                               Average Neutron Energy:  2.581E+00 MeV.


 (a,n) neutrons/sec-cc from  2.12652E+08 at/cc pa231  alphas on  o 17  in target
 5.312E-17 1.044E-16 1.035E-16 8.450E-17 7.024E-17 6.332E-17 5.192E-17 4.783E-17
 5.644E-17 7.080E-17 1.234E-16 1.494E-16 1.781E-16 2.301E-16 3.077E-16 3.822E-16
 4.681E-16 5.153E-16 5.300E-16 5.631E-16 6.149E-16 6.409E-16 6.403E-16 6.022E-16
 5.588E-16 5.078E-16 4.700E-16 4.158E-16 3.779E-16 3.511E-16 3.335E-16 3.157E-16
 2.864E-16 2.529E-16 2.242E-16 1.932E-16 1.607E-16 1.525E-16 1.472E-16 1.405E-16
 1.306E-16 1.171E-16 1.026E-16 9.152E-17 7.763E-17 6.361E-17 5.295E-17 4.465E-17
 3.811E-17 3.141E-17 2.238E-17 1.442E-17 8.321E-18 2.336E-18 3.134E-21 0.000E+00
 0.000E+00 0.000E+00 0.000E+00 0.000E+00 0.000E+00 0.000E+00 0.000E+00 0.000E+00
 0.000E+00 0.000E+00 0.000E+00 0.000E+00 0.000E+00 0.000E+00 0.000E+00 0.000E+00
 0.000E+00 0.000E+00 0.000E+00 0.000E+00 0.000E+00 0.000E+00 0.000E+00 0.000E+00
 0.000E+00 0.000E+00 0.000E+00 0.000E+00 0.000E+00 0.000E+00 0.000E+00 0.000E+00
 0.000E+00 0.000E+00 0.000E+00 0.000E+00 0.000E+00 0.000E+00 0.000E+00 0.000E+00
 0.000E+00 0.000E+00 0.000E+00 0.000E+00
                                   Total (all groups):  1.234E-14 neutrons/sec-cm**3   .
                               Average Neutron Energy:  2.404E+00 MeV.


 (a,n) neutrons/sec-cc from  4.57180E+12 at/cc  u235  alphas on  o 17  in target
 7.721E-19 8.008E-19 1.538E-18 4.249E-18 1.390E-17 2.740E-17 3.682E-17 4.577E-17
 5.423E-17 6.802E-17 1.185E-16 1.435E-16 1.711E-16 2.210E-16 2.956E-16 3.671E-16
 4.496E-16 4.928E-16 4.884E-16 4.703E-16 4.602E-16 4.398E-16 4.151E-16 3.784E-16
 3.367E-16 2.878E-16 2.514E-16 1.994E-16 1.632E-16 1.395E-16 1.292E-16 1.343E-16
 1.351E-16 1.338E-16 1.280E-16 1.175E-16 1.093E-16 1.057E-16 1.006E-16 9.415E-17
 8.466E-17 7.167E-17 5.779E-17 4.713E-17 3.379E-17 2.034E-17 1.038E-17 3.179E-18
 6.936E-19 1.292E-19 0.000E+00 0.000E+00 0.000E+00 0.000E+00 0.000E+00 0.000E+00
 0.000E+00 0.000E+00 0.000E+00 0.000E+00 0.000E+00 0.000E+00 0.000E+00 0.000E+00
 0.000E+00 0.000E+00 0.000E+00 0.000E+00 0.000E+00 0.000E+00 0.000E+00 0.000E+00
 0.000E+00 0.000E+00 0.000E+00 0.000E+00 0.000E+00 0.000E+00 0.000E+00 0.000E+00
 0.000E+00 0.000E+00 0.000E+00 0.000E+00 0.000E+00 0.000E+00 0.000E+00 0.000E+00
 0.000E+00 0.000E+00 0.000E+00 0.000E+00 0.000E+00 0.000E+00 0.000E+00 0.000E+00
 0.000E+00 0.000E+00 0.000E+00 0.000E+00
                                   Total (all groups):  8.061E-15 neutrons/sec-cm**3   .
                               Average Neutron Energy:  2.270E+00 MeV.



 Total (alpha,n) neutron spectrum this target
 2.324E-16 4.291E-16 5.324E-16 6.060E-16 6.860E-16 7.600E-16 7.514E-16 7.160E-16
 6.742E-16 6.486E-16 7.712E-16 7.945E-16 8.298E-16 9.608E-16 1.210E-15 1.475E-15
 1.787E-15 1.954E-15 1.991E-15 2.067E-15 2.208E-15 2.279E-15 2.342E-15 2.351E-15
 2.331E-15 2.268E-15 2.211E-15 2.034E-15 1.904E-15 1.804E-15 1.744E-15 1.699E-15
 1.616E-15 1.519E-15 1.428E-15 1.326E-15 1.209E-15 1.137E-15 1.041E-15 9.436E-16
 8.288E-16 6.961E-16 5.683E-16 4.790E-16 4.085E-16 3.408E-16 2.934E-16 2.627E-16
 2.416E-16 2.221E-16 1.963E-16 1.728E-16 1.540E-16 1.321E-16 1.126E-16 9.196E-17
 7.249E-17 5.407E-17 3.669E-17 2.114E-17 9.555E-18 5.187E-18 2.211E-18 1.585E-19
 8.513E-22 1.399E-22 0.000E+00 0.000E+00 0.000E+00 0.000E+00 0.000E+00 0.000E+00
 0.000E+00 0.000E+00 0.000E+00 0.000E+00 0.000E+00 0.000E+00 0.000E+00 0.000E+00
 0.000E+00 0.000E+00 0.000E+00 0.000E+00 0.000E+00 0.000E+00 0.000E+00 0.000E+00
 0.000E+00 0.000E+00 0.000E+00 0.000E+00 0.000E+00 0.000E+00 0.000E+00 0.000E+00
 0.000E+00 0.000E+00 0.000E+00 0.000E+00
                                   Total (all groups):  6.067E-14 neutrons/sec-cm**3   .
                               Average Neutron Energy:  2.492E+00 MeV.
 

--------------------------------------------------------------------------------
 


 (a,n) neutrons/sec-cc from  9.55962E-07 at/cc at219  alphas on  o 18  in target
 9.835E-20 1.783E-19 2.019E-19 2.146E-19 2.351E-19 2.348E-19 2.424E-19 2.693E-19
 2.935E-19 3.235E-19 3.545E-19 3.697E-19 3.987E-19 4.249E-19 4.768E-19 5.374E-19
 5.933E-19 6.556E-19 7.538E-19 8.118E-19 8.449E-19 8.918E-19 9.404E-19 9.649E-19
 9.894E-19 1.009E-18 1.014E-18 1.032E-18 1.047E-18 1.038E-18 1.024E-18 9.937E-19
 9.519E-19 8.907E-19 8.300E-19 7.777E-19 7.201E-19 6.680E-19 6.191E-19 5.651E-19
 5.154E-19 4.647E-19 4.090E-19 3.534E-19 2.988E-19 2.450E-19 1.917E-19 1.390E-19
 9.021E-20 6.299E-20 3.972E-20 1.674E-20 6.301E-22 0.000E+00 0.000E+00 0.000E+00
 0.000E+00 0.000E+00 0.000E+00 0.000E+00 0.000E+00 0.000E+00 0.000E+00 0.000E+00
 0.000E+00 0.000E+00 0.000E+00 0.000E+00 0.000E+00 0.000E+00 0.000E+00 0.000E+00
 0.000E+00 0.000E+00 0.000E+00 0.000E+00 0.000E+00 0.000E+00 0.000E+00 0.000E+00
 0.000E+00 0.000E+00 0.000E+00 0.000E+00 0.000E+00 0.000E+00 0.000E+00 0.000E+00
 0.000E+00 0.000E+00 0.000E+00 0.000E+00 0.000E+00 0.000E+00 0.000E+00 0.000E+00
 0.000E+00 0.000E+00 0.000E+00 0.000E+00
                                   Total (all groups):  2.831E-17 neutrons/sec-cm**3   .
                               Average Neutron Energy:  2.630E+00 MeV.


 (a,n) neutrons/sec-cc from  3.75558E-03 at/cc fr223  alphas on  o 18  in target
 4.732E-22 8.515E-22 9.300E-22 9.612E-22 1.108E-21 1.066E-21 9.908E-22 1.053E-21
 1.101E-21 1.189E-21 1.304E-21 1.443E-21 1.665E-21 1.857E-21 2.128E-21 2.443E-21
 2.713E-21 3.012E-21 3.542E-21 3.938E-21 4.265E-21 4.685E-21 5.058E-21 5.222E-21
 5.381E-21 5.377E-21 5.234E-21 5.165E-21 4.890E-21 4.424E-21 3.975E-21 3.639E-21
 3.275E-21 2.799E-21 2.384E-21 2.035E-21 1.649E-21 1.301E-21 9.734E-22 6.315E-22
 4.644E-22 3.208E-22 1.422E-22 7.914E-24 0.000E+00 0.000E+00 0.000E+00 0.000E+00
 0.000E+00 0.000E+00 0.000E+00 0.000E+00 0.000E+00 0.000E+00 0.000E+00 0.000E+00
 0.000E+00 0.000E+00 0.000E+00 0.000E+00 0.000E+00 0.000E+00 0.000E+00 0.000E+00
 0.000E+00 0.000E+00 0.000E+00 0.000E+00 0.000E+00 0.000E+00 0.000E+00 0.000E+00
 0.000E+00 0.000E+00 0.000E+00 0.000E+00 0.000E+00 0.000E+00 0.000E+00 0.000E+00
 0.000E+00 0.000E+00 0.000E+00 0.000E+00 0.000E+00 0.000E+00 0.000E+00 0.000E+00
 0.000E+00 0.000E+00 0.000E+00 0.000E+00 0.000E+00 0.000E+00 0.000E+00 0.000E+00
 0.000E+00 0.000E+00 0.000E+00 0.000E+00
                                   Total (all groups):  1.071E-19 neutrons/sec-cm**3   .
                               Average Neutron Energy:  2.319E+00 MeV.


 (a,n) neutrons/sec-cc from  2.03200E+02 at/cc ra223  alphas on  o 18  in target
 1.160E-15 1.966E-15 2.013E-15 1.950E-15 2.103E-15 2.136E-15 2.279E-15 2.549E-15
 2.643E-15 2.801E-15 3.007E-15 3.256E-15 3.642E-15 3.955E-15 4.565E-15 5.184E-15
 5.585E-15 6.103E-15 7.050E-15 7.759E-15 8.345E-15 9.097E-15 9.765E-15 1.006E-14
 1.035E-14 1.058E-14 1.057E-14 1.051E-14 1.030E-14 9.844E-15 9.193E-15 8.593E-15
 7.941E-15 7.089E-15 6.347E-15 5.721E-15 5.030E-15 4.407E-15 3.820E-15 3.174E-15
 2.580E-15 1.987E-15 1.388E-15 9.118E-16 5.952E-16 3.111E-16 9.440E-17 3.715E-18
 2.517E-19 0.000E+00 0.000E+00 0.000E+00 0.000E+00 0.000E+00 0.000E+00 0.000E+00
 0.000E+00 0.000E+00 0.000E+00 0.000E+00 0.000E+00 0.000E+00 0.000E+00 0.000E+00
 0.000E+00 0.000E+00 0.000E+00 0.000E+00 0.000E+00 0.000E+00 0.000E+00 0.000E+00
 0.000E+00 0.000E+00 0.000E+00 0.000E+00 0.000E+00 0.000E+00 0.000E+00 0.000E+00
 0.000E+00 0.000E+00 0.000E+00 0.000E+00 0.000E+00 0.000E+00 0.000E+00 0.000E+00
 0.000E+00 0.000E+00 0.000E+00 0.000E+00 0.000E+00 0.000E+00 0.000E+00 0.000E+00
 0.000E+00 0.000E+00 0.000E+00 0.000E+00
                                   Total (all groups):  2.403E-13 neutrons/sec-cm**3   .
                               Average Neutron Energy:  2.428E+00 MeV.


 (a,n) neutrons/sec-cc from  1.41548E+05 at/cc ac227  alphas on  o 18  in target
 1.168E-17 2.107E-17 2.272E-17 2.038E-17 1.880E-17 1.518E-17 1.331E-17 1.487E-17
 1.643E-17 2.049E-17 2.528E-17 2.977E-17 3.441E-17 3.728E-17 4.399E-17 5.178E-17
 5.845E-17 6.587E-17 7.897E-17 8.880E-17 9.713E-17 1.087E-16 1.177E-16 1.187E-16
 1.180E-16 1.146E-16 1.058E-16 9.801E-17 9.004E-17 7.852E-17 6.741E-17 5.908E-17
 5.006E-17 3.828E-17 2.805E-17 1.971E-17 1.263E-17 7.345E-18 4.141E-18 7.778E-19
 0.000E+00 0.000E+00 0.000E+00 0.000E+00 0.000E+00 0.000E+00 0.000E+00 0.000E+00
 0.000E+00 0.000E+00 0.000E+00 0.000E+00 0.000E+00 0.000E+00 0.000E+00 0.000E+00
 0.000E+00 0.000E+00 0.000E+00 0.000E+00 0.000E+00 0.000E+00 0.000E+00 0.000E+00
 0.000E+00 0.000E+00 0.000E+00 0.000E+00 0.000E+00 0.000E+00 0.000E+00 0.000E+00
 0.000E+00 0.000E+00 0.000E+00 0.000E+00 0.000E+00 0.000E+00 0.000E+00 0.000E+00
 0.000E+00 0.000E+00 0.000E+00 0.000E+00 0.000E+00 0.000E+00 0.000E+00 0.000E+00
 0.000E+00 0.000E+00 0.000E+00 0.000E+00 0.000E+00 0.000E+00 0.000E+00 0.000E+00
 0.000E+00 0.000E+00 0.000E+00 0.000E+00
                                   Total (all groups):  2.024E-15 neutrons/sec-cm**3   .
                               Average Neutron Energy:  2.200E+00 MeV.


 (a,n) neutrons/sec-cc from  3.29118E+02 at/cc th227  alphas on  o 18  in target
 8.935E-16 1.582E-15 1.690E-15 1.656E-15 1.762E-15 1.762E-15 1.851E-15 2.106E-15
 2.247E-15 2.395E-15 2.550E-15 2.738E-15 3.031E-15 3.269E-15 3.740E-15 4.272E-15
 4.653E-15 5.073E-15 5.742E-15 6.229E-15 6.664E-15 7.234E-15 7.741E-15 7.964E-15
 8.187E-15 8.365E-15 8.406E-15 8.482E-15 8.420E-15 8.117E-15 7.685E-15 7.317E-15
 6.879E-15 6.233E-15 5.670E-15 5.195E-15 4.671E-15 4.198E-15 3.753E-15 3.263E-15
 2.811E-15 2.350E-15 1.845E-15 1.377E-15 1.013E-15 6.788E-16 3.893E-16 2.187E-16
 1.203E-16 3.635E-17 0.000E+00 0.000E+00 0.000E+00 0.000E+00 0.000E+00 0.000E+00
 0.000E+00 0.000E+00 0.000E+00 0.000E+00 0.000E+00 0.000E+00 0.000E+00 0.000E+00
 0.000E+00 0.000E+00 0.000E+00 0.000E+00 0.000E+00 0.000E+00 0.000E+00 0.000E+00
 0.000E+00 0.000E+00 0.000E+00 0.000E+00 0.000E+00 0.000E+00 0.000E+00 0.000E+00
 0.000E+00 0.000E+00 0.000E+00 0.000E+00 0.000E+00 0.000E+00 0.000E+00 0.000E+00
 0.000E+00 0.000E+00 0.000E+00 0.000E+00 0.000E+00 0.000E+00 0.000E+00 0.000E+00
 0.000E+00 0.000E+00 0.000E+00 0.000E+00
                                   Total (all groups):  2.045E-13 neutrons/sec-cm**3   .
                               Average Neutron Energy:  2.492E+00 MeV.


 (a,n) neutrons/sec-cc from  2.12652E+08 at/cc pa231  alphas on  o 18  in target
 8.160E-16 1.469E-15 1.568E-15 1.478E-15 1.372E-15 1.119E-15 9.931E-16 1.117E-15
 1.228E-15 1.440E-15 1.759E-15 2.121E-15 2.447E-15 2.648E-15 3.116E-15 3.661E-15
 4.127E-15 4.645E-15 5.562E-15 6.257E-15 6.839E-15 7.582E-15 8.255E-15 8.377E-15
 8.306E-15 8.127E-15 7.554E-15 7.007E-15 6.451E-15 5.646E-15 4.870E-15 4.287E-15
 3.657E-15 2.836E-15 2.138E-15 1.567E-15 9.853E-16 5.940E-16 3.882E-16 1.492E-16
 7.742E-18 0.000E+00 0.000E+00 0.000E+00 0.000E+00 0.000E+00 0.000E+00 0.000E+00
 0.000E+00 0.000E+00 0.000E+00 0.000E+00 0.000E+00 0.000E+00 0.000E+00 0.000E+00
 0.000E+00 0.000E+00 0.000E+00 0.000E+00 0.000E+00 0.000E+00 0.000E+00 0.000E+00
 0.000E+00 0.000E+00 0.000E+00 0.000E+00 0.000E+00 0.000E+00 0.000E+00 0.000E+00
 0.000E+00 0.000E+00 0.000E+00 0.000E+00 0.000E+00 0.000E+00 0.000E+00 0.000E+00
 0.000E+00 0.000E+00 0.000E+00 0.000E+00 0.000E+00 0.000E+00 0.000E+00 0.000E+00
 0.000E+00 0.000E+00 0.000E+00 0.000E+00 0.000E+00 0.000E+00 0.000E+00 0.000E+00
 0.000E+00 0.000E+00 0.000E+00 0.000E+00
                                   Total (all groups):  1.446E-13 neutrons/sec-cm**3   .
                               Average Neutron Energy:  2.210E+00 MeV.


 (a,n) neutrons/sec-cc from  4.57180E+12 at/cc  u235  alphas on  o 18  in target
 4.632E-16 4.460E-16 2.351E-16 2.003E-16 2.939E-16 3.699E-16 5.030E-16 7.119E-16
 8.256E-16 9.263E-16 1.086E-15 1.333E-15 1.645E-15 1.838E-15 2.296E-15 2.860E-15
 3.397E-15 4.023E-15 4.988E-15 5.400E-15 5.530E-15 5.869E-15 5.843E-15 5.374E-15
 4.950E-15 4.482E-15 3.886E-15 3.360E-15 2.826E-15 2.071E-15 1.391E-15 1.085E-15
 7.817E-16 4.053E-16 8.699E-17 2.072E-17 9.601E-19 0.000E+00 0.000E+00 0.000E+00
 0.000E+00 0.000E+00 0.000E+00 0.000E+00 0.000E+00 0.000E+00 0.000E+00 0.000E+00
 0.000E+00 0.000E+00 0.000E+00 0.000E+00 0.000E+00 0.000E+00 0.000E+00 0.000E+00
 0.000E+00 0.000E+00 0.000E+00 0.000E+00 0.000E+00 0.000E+00 0.000E+00 0.000E+00
 0.000E+00 0.000E+00 0.000E+00 0.000E+00 0.000E+00 0.000E+00 0.000E+00 0.000E+00
 0.000E+00 0.000E+00 0.000E+00 0.000E+00 0.000E+00 0.000E+00 0.000E+00 0.000E+00
 0.000E+00 0.000E+00 0.000E+00 0.000E+00 0.000E+00 0.000E+00 0.000E+00 0.000E+00
 0.000E+00 0.000E+00 0.000E+00 0.000E+00 0.000E+00 0.000E+00 0.000E+00 0.000E+00
 0.000E+00 0.000E+00 0.000E+00 0.000E+00
                                   Total (all groups):  8.180E-14 neutrons/sec-cm**3   .
                               Average Neutron Energy:  2.070E+00 MeV.



 Total (alpha,n) neutron spectrum this target
 3.344E-15 5.484E-15 5.529E-15 5.305E-15 5.550E-15 5.402E-15 5.640E-15 6.499E-15
 6.960E-15 7.583E-15 8.428E-15 9.479E-15 1.080E-14 1.175E-14 1.376E-14 1.603E-14
 1.782E-14 1.991E-14 2.342E-14 2.573E-14 2.748E-14 2.989E-14 3.172E-14 3.189E-14
 3.191E-14 3.167E-14 3.053E-14 2.946E-14 2.809E-14 2.576E-14 2.321E-14 2.134E-14
 1.931E-14 1.660E-14 1.427E-14 1.252E-14 1.070E-14 9.206E-15 7.966E-15 6.588E-15
 5.399E-15 4.338E-15 3.233E-15 2.289E-15 1.608E-15 9.901E-16 4.839E-16 2.226E-16
 1.207E-16 3.641E-17 3.972E-20 1.674E-20 6.301E-22 0.000E+00 0.000E+00 0.000E+00
 0.000E+00 0.000E+00 0.000E+00 0.000E+00 0.000E+00 0.000E+00 0.000E+00 0.000E+00
 0.000E+00 0.000E+00 0.000E+00 0.000E+00 0.000E+00 0.000E+00 0.000E+00 0.000E+00
 0.000E+00 0.000E+00 0.000E+00 0.000E+00 0.000E+00 0.000E+00 0.000E+00 0.000E+00
 0.000E+00 0.000E+00 0.000E+00 0.000E+00 0.000E+00 0.000E+00 0.000E+00 0.000E+00
 0.000E+00 0.000E+00 0.000E+00 0.000E+00 0.000E+00 0.000E+00 0.000E+00 0.000E+00
 0.000E+00 0.000E+00 0.000E+00 0.000E+00
                                   Total (all groups):  6.733E-13 neutrons/sec-cm**3   .
                               Average Neutron Energy:  2.356E+00 MeV.
 

--------------------------------------------------------------------------------
 


 (a,n) neutrons/sec-cc from  9.55962E-07 at/cc at219  alphas on na 23  in target
 7.271E-19 1.637E-18 2.227E-18 2.532E-18 2.548E-18 2.535E-18 2.605E-18 2.648E-18
 2.736E-18 2.851E-18 2.987E-18 3.125E-18 3.261E-18 3.393E-18 3.428E-18 3.324E-18
 3.187E-18 3.048E-18 2.772E-18 2.443E-18 2.109E-18 1.771E-18 1.429E-18 1.086E-18
 7.835E-19 5.877E-19 4.019E-19 2.317E-19 6.077E-20 0.000E+00 0.000E+00 0.000E+00
 0.000E+00 0.000E+00 0.000E+00 0.000E+00 0.000E+00 0.000E+00 0.000E+00 0.000E+00
 0.000E+00 0.000E+00 0.000E+00 0.000E+00 0.000E+00 0.000E+00 0.000E+00 0.000E+00
 0.000E+00 0.000E+00 0.000E+00 0.000E+00 0.000E+00 0.000E+00 0.000E+00 0.000E+00
 0.000E+00 0.000E+00 0.000E+00 0.000E+00 0.000E+00 0.000E+00 0.000E+00 0.000E+00
 0.000E+00 0.000E+00 0.000E+00 0.000E+00 0.000E+00 0.000E+00 0.000E+00 0.000E+00
 0.000E+00 0.000E+00 0.000E+00 0.000E+00 0.000E+00 0.000E+00 0.000E+00 0.000E+00
 0.000E+00 0.000E+00 0.000E+00 0.000E+00 0.000E+00 0.000E+00 0.000E+00 0.000E+00
 0.000E+00 0.000E+00 0.000E+00 0.000E+00 0.000E+00 0.000E+00 0.000E+00 0.000E+00
 0.000E+00 0.000E+00 0.000E+00 0.000E+00
                                   Total (all groups):  6.247E-17 neutrons/sec-cm**3   .
                               Average Neutron Energy:  1.251E+00 MeV.


 (a,n) neutrons/sec-cc from  3.75558E-03 at/cc fr223  alphas on na 23  in target
 1.197E-21 3.424E-21 5.782E-21 7.366E-21 8.372E-21 9.311E-21 1.022E-20 1.107E-20
 1.127E-20 1.100E-20 1.053E-20 9.743E-21 8.108E-21 6.363E-21 4.545E-21 3.186E-21
 2.391E-21 1.614E-21 9.074E-22 1.785E-22 0.000E+00 0.000E+00 0.000E+00 0.000E+00
 0.000E+00 0.000E+00 0.000E+00 0.000E+00 0.000E+00 0.000E+00 0.000E+00 0.000E+00
 0.000E+00 0.000E+00 0.000E+00 0.000E+00 0.000E+00 0.000E+00 0.000E+00 0.000E+00
 0.000E+00 0.000E+00 0.000E+00 0.000E+00 0.000E+00 0.000E+00 0.000E+00 0.000E+00
 0.000E+00 0.000E+00 0.000E+00 0.000E+00 0.000E+00 0.000E+00 0.000E+00 0.000E+00
 0.000E+00 0.000E+00 0.000E+00 0.000E+00 0.000E+00 0.000E+00 0.000E+00 0.000E+00
 0.000E+00 0.000E+00 0.000E+00 0.000E+00 0.000E+00 0.000E+00 0.000E+00 0.000E+00
 0.000E+00 0.000E+00 0.000E+00 0.000E+00 0.000E+00 0.000E+00 0.000E+00 0.000E+00
 0.000E+00 0.000E+00 0.000E+00 0.000E+00 0.000E+00 0.000E+00 0.000E+00 0.000E+00
 0.000E+00 0.000E+00 0.000E+00 0.000E+00 0.000E+00 0.000E+00 0.000E+00 0.000E+00
 0.000E+00 0.000E+00 0.000E+00 0.000E+00
                                   Total (all groups):  1.266E-19 neutrons/sec-cm**3   .
                               Average Neutron Energy:  8.672E-01 MeV.


 (a,n) neutrons/sec-cc from  2.03200E+02 at/cc ra223  alphas on na 23  in target
 3.047E-15 6.866E-15 1.067E-14 1.457E-14 1.826E-14 2.094E-14 2.262E-14 2.414E-14
 2.566E-14 2.706E-14 2.747E-14 2.658E-14 2.583E-14 2.467E-14 2.205E-14 1.865E-14
 1.512E-14 1.158E-14 8.410E-15 6.106E-15 4.297E-15 2.604E-15 1.146E-15 1.543E-16
 8.821E-18 0.000E+00 0.000E+00 0.000E+00 0.000E+00 0.000E+00 0.000E+00 0.000E+00
 0.000E+00 0.000E+00 0.000E+00 0.000E+00 0.000E+00 0.000E+00 0.000E+00 0.000E+00
 0.000E+00 0.000E+00 0.000E+00 0.000E+00 0.000E+00 0.000E+00 0.000E+00 0.000E+00
 0.000E+00 0.000E+00 0.000E+00 0.000E+00 0.000E+00 0.000E+00 0.000E+00 0.000E+00
 0.000E+00 0.000E+00 0.000E+00 0.000E+00 0.000E+00 0.000E+00 0.000E+00 0.000E+00
 0.000E+00 0.000E+00 0.000E+00 0.000E+00 0.000E+00 0.000E+00 0.000E+00 0.000E+00
 0.000E+00 0.000E+00 0.000E+00 0.000E+00 0.000E+00 0.000E+00 0.000E+00 0.000E+00
 0.000E+00 0.000E+00 0.000E+00 0.000E+00 0.000E+00 0.000E+00 0.000E+00 0.000E+00
 0.000E+00 0.000E+00 0.000E+00 0.000E+00 0.000E+00 0.000E+00 0.000E+00 0.000E+00
 0.000E+00 0.000E+00 0.000E+00 0.000E+00
                                   Total (all groups):  3.685E-13 neutrons/sec-cm**3   .
                               Average Neutron Energy:  1.045E+00 MeV.


 (a,n) neutrons/sec-cc from  1.41548E+05 at/cc ac227  alphas on na 23  in target
 2.765E-17 6.196E-17 9.309E-17 1.244E-16 1.596E-16 1.839E-16 1.808E-16 1.688E-16
 1.522E-16 1.213E-16 8.504E-17 5.615E-17 4.127E-17 2.742E-17 1.622E-17 4.648E-18
 0.000E+00 0.000E+00 0.000E+00 0.000E+00 0.000E+00 0.000E+00 0.000E+00 0.000E+00
 0.000E+00 0.000E+00 0.000E+00 0.000E+00 0.000E+00 0.000E+00 0.000E+00 0.000E+00
 0.000E+00 0.000E+00 0.000E+00 0.000E+00 0.000E+00 0.000E+00 0.000E+00 0.000E+00
 0.000E+00 0.000E+00 0.000E+00 0.000E+00 0.000E+00 0.000E+00 0.000E+00 0.000E+00
 0.000E+00 0.000E+00 0.000E+00 0.000E+00 0.000E+00 0.000E+00 0.000E+00 0.000E+00
 0.000E+00 0.000E+00 0.000E+00 0.000E+00 0.000E+00 0.000E+00 0.000E+00 0.000E+00
 0.000E+00 0.000E+00 0.000E+00 0.000E+00 0.000E+00 0.000E+00 0.000E+00 0.000E+00
 0.000E+00 0.000E+00 0.000E+00 0.000E+00 0.000E+00 0.000E+00 0.000E+00 0.000E+00
 0.000E+00 0.000E+00 0.000E+00 0.000E+00 0.000E+00 0.000E+00 0.000E+00 0.000E+00
 0.000E+00 0.000E+00 0.000E+00 0.000E+00 0.000E+00 0.000E+00 0.000E+00 0.000E+00
 0.000E+00 0.000E+00 0.000E+00 0.000E+00
                                   Total (all groups):  1.505E-15 neutrons/sec-cm**3   .
                               Average Neutron Energy:  6.729E-01 MeV.


 (a,n) neutrons/sec-cc from  3.29118E+02 at/cc th227  alphas on na 23  in target
 3.811E-15 7.783E-15 1.044E-14 1.280E-14 1.505E-14 1.701E-14 1.856E-14 2.002E-14
 2.120E-14 2.242E-14 2.345E-14 2.358E-14 2.356E-14 2.297E-14 2.165E-14 1.982E-14
 1.750E-14 1.468E-14 1.179E-14 9.268E-15 7.121E-15 5.064E-15 3.373E-15 2.001E-15
 1.165E-15 5.599E-16 7.183E-17 0.000E+00 0.000E+00 0.000E+00 0.000E+00 0.000E+00
 0.000E+00 0.000E+00 0.000E+00 0.000E+00 0.000E+00 0.000E+00 0.000E+00 0.000E+00
 0.000E+00 0.000E+00 0.000E+00 0.000E+00 0.000E+00 0.000E+00 0.000E+00 0.000E+00
 0.000E+00 0.000E+00 0.000E+00 0.000E+00 0.000E+00 0.000E+00 0.000E+00 0.000E+00
 0.000E+00 0.000E+00 0.000E+00 0.000E+00 0.000E+00 0.000E+00 0.000E+00 0.000E+00
 0.000E+00 0.000E+00 0.000E+00 0.000E+00 0.000E+00 0.000E+00 0.000E+00 0.000E+00
 0.000E+00 0.000E+00 0.000E+00 0.000E+00 0.000E+00 0.000E+00 0.000E+00 0.000E+00
 0.000E+00 0.000E+00 0.000E+00 0.000E+00 0.000E+00 0.000E+00 0.000E+00 0.000E+00
 0.000E+00 0.000E+00 0.000E+00 0.000E+00 0.000E+00 0.000E+00 0.000E+00 0.000E+00
 0.000E+00 0.000E+00 0.000E+00 0.000E+00
                                   Total (all groups):  3.567E-13 neutrons/sec-cm**3   .
                               Average Neutron Energy:  1.127E+00 MeV.


 (a,n) neutrons/sec-cc from  2.12652E+08 at/cc pa231  alphas on na 23  in target
 1.938E-15 4.722E-15 6.936E-15 9.061E-15 1.103E-14 1.296E-14 1.320E-14 1.248E-14
 1.133E-14 9.659E-15 7.281E-15 4.942E-15 3.425E-15 2.407E-15 1.559E-15 7.887E-16
 1.439E-16 0.000E+00 0.000E+00 0.000E+00 0.000E+00 0.000E+00 0.000E+00 0.000E+00
 0.000E+00 0.000E+00 0.000E+00 0.000E+00 0.000E+00 0.000E+00 0.000E+00 0.000E+00
 0.000E+00 0.000E+00 0.000E+00 0.000E+00 0.000E+00 0.000E+00 0.000E+00 0.000E+00
 0.000E+00 0.000E+00 0.000E+00 0.000E+00 0.000E+00 0.000E+00 0.000E+00 0.000E+00
 0.000E+00 0.000E+00 0.000E+00 0.000E+00 0.000E+00 0.000E+00 0.000E+00 0.000E+00
 0.000E+00 0.000E+00 0.000E+00 0.000E+00 0.000E+00 0.000E+00 0.000E+00 0.000E+00
 0.000E+00 0.000E+00 0.000E+00 0.000E+00 0.000E+00 0.000E+00 0.000E+00 0.000E+00
 0.000E+00 0.000E+00 0.000E+00 0.000E+00 0.000E+00 0.000E+00 0.000E+00 0.000E+00
 0.000E+00 0.000E+00 0.000E+00 0.000E+00 0.000E+00 0.000E+00 0.000E+00 0.000E+00
 0.000E+00 0.000E+00 0.000E+00 0.000E+00 0.000E+00 0.000E+00 0.000E+00 0.000E+00
 0.000E+00 0.000E+00 0.000E+00 0.000E+00
                                   Total (all groups):  1.139E-13 neutrons/sec-cm**3   .
                               Average Neutron Energy:  6.949E-01 MeV.


 (a,n) neutrons/sec-cc from  4.57180E+12 at/cc  u235  alphas on na 23  in target
 1.140E-15 3.179E-15 4.290E-15 4.396E-15 3.839E-15 2.880E-15 2.165E-15 1.446E-15
 9.210E-16 4.918E-16 1.336E-16 4.289E-17 2.703E-18 0.000E+00 0.000E+00 0.000E+00
 0.000E+00 0.000E+00 0.000E+00 0.000E+00 0.000E+00 0.000E+00 0.000E+00 0.000E+00
 0.000E+00 0.000E+00 0.000E+00 0.000E+00 0.000E+00 0.000E+00 0.000E+00 0.000E+00
 0.000E+00 0.000E+00 0.000E+00 0.000E+00 0.000E+00 0.000E+00 0.000E+00 0.000E+00
 0.000E+00 0.000E+00 0.000E+00 0.000E+00 0.000E+00 0.000E+00 0.000E+00 0.000E+00
 0.000E+00 0.000E+00 0.000E+00 0.000E+00 0.000E+00 0.000E+00 0.000E+00 0.000E+00
 0.000E+00 0.000E+00 0.000E+00 0.000E+00 0.000E+00 0.000E+00 0.000E+00 0.000E+00
 0.000E+00 0.000E+00 0.000E+00 0.000E+00 0.000E+00 0.000E+00 0.000E+00 0.000E+00
 0.000E+00 0.000E+00 0.000E+00 0.000E+00 0.000E+00 0.000E+00 0.000E+00 0.000E+00
 0.000E+00 0.000E+00 0.000E+00 0.000E+00 0.000E+00 0.000E+00 0.000E+00 0.000E+00
 0.000E+00 0.000E+00 0.000E+00 0.000E+00 0.000E+00 0.000E+00 0.000E+00 0.000E+00
 0.000E+00 0.000E+00 0.000E+00 0.000E+00
                                   Total (all groups):  2.493E-14 neutrons/sec-cm**3   .
                               Average Neutron Energy:  4.168E-01 MeV.



 Total (alpha,n) neutron spectrum this target
 9.965E-15 2.261E-14 3.243E-14 4.095E-14 4.835E-14 5.398E-14 5.673E-14 5.826E-14
 5.926E-14 5.976E-14 5.842E-14 5.520E-14 5.287E-14 5.008E-14 4.527E-14 3.927E-14
 3.276E-14 2.626E-14 2.020E-14 1.538E-14 1.142E-14 7.670E-15 4.521E-15 2.156E-15
 1.175E-15 5.605E-16 7.223E-17 2.317E-19 6.077E-20 0.000E+00 0.000E+00 0.000E+00
 0.000E+00 0.000E+00 0.000E+00 0.000E+00 0.000E+00 0.000E+00 0.000E+00 0.000E+00
 0.000E+00 0.000E+00 0.000E+00 0.000E+00 0.000E+00 0.000E+00 0.000E+00 0.000E+00
 0.000E+00 0.000E+00 0.000E+00 0.000E+00 0.000E+00 0.000E+00 0.000E+00 0.000E+00
 0.000E+00 0.000E+00 0.000E+00 0.000E+00 0.000E+00 0.000E+00 0.000E+00 0.000E+00
 0.000E+00 0.000E+00 0.000E+00 0.000E+00 0.000E+00 0.000E+00 0.000E+00 0.000E+00
 0.000E+00 0.000E+00 0.000E+00 0.000E+00 0.000E+00 0.000E+00 0.000E+00 0.000E+00
 0.000E+00 0.000E+00 0.000E+00 0.000E+00 0.000E+00 0.000E+00 0.000E+00 0.000E+00
 0.000E+00 0.000E+00 0.000E+00 0.000E+00 0.000E+00 0.000E+00 0.000E+00 0.000E+00
 0.000E+00 0.000E+00 0.000E+00 0.000E+00
                                   Total (all groups):  8.656E-13 neutrons/sec-cm**3   .
                               Average Neutron Energy:  1.014E+00 MeV.
 

--------------------------------------------------------------------------------
 


 (a,n) neutrons/sec-cc from  9.55962E-07 at/cc at219  alphas on mg 25  in target
 2.687E-20 6.273E-20 9.204E-20 1.201E-19 1.399E-19 1.554E-19 1.691E-19 1.802E-19
 1.772E-19 1.624E-19 1.510E-19 1.406E-19 1.309E-19 1.177E-19 1.005E-19 8.739E-20
 8.705E-20 8.863E-20 9.126E-20 9.411E-20 9.704E-20 1.001E-19 1.058E-19 1.153E-19
 1.242E-19 1.322E-19 1.400E-19 1.433E-19 1.343E-19 1.243E-19 1.141E-19 1.038E-19
 9.337E-20 8.314E-20 7.327E-20 6.391E-20 5.558E-20 4.841E-20 4.182E-20 3.571E-20
 3.748E-20 4.470E-20 5.238E-20 6.036E-20 6.834E-20 7.625E-20 8.398E-20 9.146E-20
 9.859E-20 1.053E-19 1.118E-19 1.179E-19 1.224E-19 1.191E-19 1.147E-19 1.101E-19
 1.052E-19 1.002E-19 9.518E-20 9.005E-20 8.480E-20 7.938E-20 7.380E-20 6.811E-20
 6.229E-20 5.632E-20 5.019E-20 4.391E-20 3.723E-20 2.991E-20 2.784E-20 2.652E-20
 2.512E-20 2.366E-20 2.212E-20 2.052E-20 1.889E-20 1.723E-20 1.555E-20 1.384E-20
 1.212E-20 1.039E-20 8.679E-21 6.988E-21 5.314E-21 3.661E-21 2.033E-21 4.760E-22
 0.000E+00 0.000E+00 0.000E+00 0.000E+00 0.000E+00 0.000E+00 0.000E+00 0.000E+00
 0.000E+00 0.000E+00 0.000E+00 0.000E+00
                                   Total (all groups):  6.957E-18 neutrons/sec-cm**3   .
                               Average Neutron Energy:  3.283E+00 MeV.


 (a,n) neutrons/sec-cc from  3.75558E-03 at/cc fr223  alphas on mg 25  in target
 9.263E-23 2.566E-22 3.291E-22 3.234E-22 2.967E-22 2.583E-22 2.680E-22 2.494E-22
 2.201E-22 1.952E-22 1.743E-22 1.590E-22 1.508E-22 1.776E-22 2.240E-22 2.751E-22
 3.302E-22 3.885E-22 4.428E-22 4.965E-22 5.443E-22 5.235E-22 4.805E-22 4.335E-22
 3.828E-22 3.279E-22 2.685E-22 2.095E-22 1.515E-22 9.170E-23 3.187E-23 1.582E-23
 2.335E-23 3.408E-23 4.907E-23 6.921E-23 9.510E-23 1.268E-22 1.640E-22 2.055E-22
 2.507E-22 2.989E-22 3.503E-22 4.037E-22 4.571E-22 5.082E-22 5.124E-22 4.941E-22
 4.730E-22 4.494E-22 4.238E-22 3.967E-22 3.688E-22 3.400E-22 3.104E-22 2.794E-22
 2.469E-22 2.136E-22 1.799E-22 1.456E-22 1.190E-22 1.281E-22 1.311E-22 1.280E-22
 1.241E-22 1.194E-22 1.139E-22 1.076E-22 1.005E-22 9.274E-23 8.441E-23 7.557E-23
 6.625E-23 5.644E-23 4.613E-23 3.547E-23 2.457E-23 1.345E-23 2.735E-24 0.000E+00
 0.000E+00 0.000E+00 0.000E+00 0.000E+00 0.000E+00 0.000E+00 0.000E+00 0.000E+00
 0.000E+00 0.000E+00 0.000E+00 0.000E+00 0.000E+00 0.000E+00 0.000E+00 0.000E+00
 0.000E+00 0.000E+00 0.000E+00 0.000E+00
                                   Total (all groups):  1.821E-20 neutrons/sec-cm**3   .
                               Average Neutron Energy:  3.418E+00 MeV.


 (a,n) neutrons/sec-cc from  2.03200E+02 at/cc ra223  alphas on mg 25  in target
 2.052E-16 5.057E-16 7.831E-16 1.038E-15 1.169E-15 1.121E-15 1.030E-15 9.187E-16
 7.990E-16 6.736E-16 5.902E-16 5.538E-16 5.344E-16 5.296E-16 5.349E-16 5.558E-16
 6.042E-16 6.983E-16 8.096E-16 9.207E-16 1.025E-15 1.122E-15 1.205E-15 1.220E-15
 1.139E-15 1.041E-15 9.348E-16 8.224E-16 7.065E-16 5.882E-16 4.707E-16 3.573E-16
 2.480E-16 1.550E-16 1.034E-16 1.247E-16 1.703E-16 2.271E-16 2.936E-16 3.680E-16
 4.489E-16 5.354E-16 6.274E-16 7.229E-16 8.186E-16 9.132E-16 1.005E-15 1.087E-15
 1.126E-15 1.095E-15 1.050E-15 1.001E-15 9.512E-16 8.997E-16 8.467E-16 7.912E-16
 7.330E-16 6.734E-16 6.129E-16 5.515E-16 4.888E-16 4.246E-16 3.618E-16 3.128E-16
 2.877E-16 2.807E-16 2.707E-16 2.594E-16 2.467E-16 2.328E-16 2.179E-16 2.020E-16
 1.853E-16 1.678E-16 1.493E-16 1.302E-16 1.107E-16 9.078E-17 7.065E-17 5.029E-17
 3.022E-17 1.281E-17 1.620E-18 8.806E-20 0.000E+00 0.000E+00 0.000E+00 0.000E+00
 0.000E+00 0.000E+00 0.000E+00 0.000E+00 0.000E+00 0.000E+00 0.000E+00 0.000E+00
 0.000E+00 0.000E+00 0.000E+00 0.000E+00
                                   Total (all groups):  4.797E-14 neutrons/sec-cm**3   .
                               Average Neutron Energy:  3.344E+00 MeV.


 (a,n) neutrons/sec-cc from  1.41548E+05 at/cc ac227  alphas on mg 25  in target
 6.932E-19 1.493E-18 2.444E-18 3.419E-18 3.700E-18 3.171E-18 2.579E-18 1.948E-18
 1.357E-18 1.369E-18 1.872E-18 2.538E-18 3.381E-18 4.397E-18 5.531E-18 6.647E-18
 7.790E-18 8.954E-18 9.029E-18 8.277E-18 7.414E-18 6.447E-18 5.387E-18 4.283E-18
 3.175E-18 1.981E-18 7.407E-19 6.500E-20 1.033E-19 1.692E-19 2.627E-19 3.916E-19
 5.781E-19 8.437E-19 1.215E-18 1.713E-18 2.354E-18 3.139E-18 4.059E-18 5.087E-18
 6.205E-18 7.399E-18 8.623E-18 9.143E-18 8.899E-18 8.594E-18 8.216E-18 7.763E-18
 7.242E-18 6.656E-18 6.022E-18 5.353E-18 4.661E-18 3.949E-18 3.216E-18 2.463E-18
 1.793E-18 1.852E-18 2.164E-18 2.333E-18 2.302E-18 2.256E-18 2.196E-18 2.119E-18
 2.024E-18 1.908E-18 1.772E-18 1.615E-18 1.439E-18 1.247E-18 1.041E-18 8.220E-19
 5.913E-19 3.503E-19 1.101E-19 5.679E-23 0.000E+00 0.000E+00 0.000E+00 0.000E+00
 0.000E+00 0.000E+00 0.000E+00 0.000E+00 0.000E+00 0.000E+00 0.000E+00 0.000E+00
 0.000E+00 0.000E+00 0.000E+00 0.000E+00 0.000E+00 0.000E+00 0.000E+00 0.000E+00
 0.000E+00 0.000E+00 0.000E+00 0.000E+00
                                   Total (all groups):  2.643E-16 neutrons/sec-cm**3   .
                               Average Neutron Energy:  3.498E+00 MeV.


 (a,n) neutrons/sec-cc from  3.29118E+02 at/cc th227  alphas on mg 25  in target
 1.732E-16 4.354E-16 6.696E-16 8.715E-16 1.035E-15 1.087E-15 1.077E-15 9.943E-16
 8.995E-16 7.914E-16 6.941E-16 6.262E-16 5.511E-16 5.177E-16 5.174E-16 5.246E-16
 5.414E-16 5.839E-16 6.432E-16 7.068E-16 7.845E-16 8.647E-16 9.436E-16 1.005E-15
 1.008E-15 9.854E-16 9.144E-16 8.291E-16 7.410E-16 6.503E-16 5.581E-16 4.673E-16
 3.782E-16 2.911E-16 2.156E-16 1.825E-16 1.733E-16 1.791E-16 2.228E-16 2.792E-16
 3.406E-16 4.062E-16 4.760E-16 5.485E-16 6.211E-16 6.929E-16 7.631E-16 8.311E-16
 8.902E-16 9.096E-16 9.106E-16 8.837E-16 8.457E-16 8.066E-16 7.664E-16 7.243E-16
 6.801E-16 6.349E-16 5.890E-16 5.424E-16 4.947E-16 4.455E-16 3.948E-16 3.435E-16
 3.018E-16 2.746E-16 2.475E-16 2.249E-16 2.148E-16 2.043E-16 1.930E-16 1.810E-16
 1.683E-16 1.550E-16 1.410E-16 1.265E-16 1.117E-16 9.656E-17 8.127E-17 6.575E-17
 5.007E-17 3.443E-17 2.019E-17 1.175E-17 5.440E-18 6.144E-19 0.000E+00 0.000E+00
 0.000E+00 0.000E+00 0.000E+00 0.000E+00 0.000E+00 0.000E+00 0.000E+00 0.000E+00
 0.000E+00 0.000E+00 0.000E+00 0.000E+00
                                   Total (all groups):  4.406E-14 neutrons/sec-cm**3   .
                               Average Neutron Energy:  3.315E+00 MeV.


 (a,n) neutrons/sec-cc from  2.12652E+08 at/cc pa231  alphas on mg 25  in target
 7.883E-17 1.326E-16 1.753E-16 2.344E-16 2.730E-16 2.461E-16 2.053E-16 1.661E-16
 1.281E-16 1.071E-16 1.308E-16 1.773E-16 2.362E-16 3.068E-16 3.854E-16 4.673E-16
 5.449E-16 6.178E-16 6.580E-16 6.154E-16 5.551E-16 4.881E-16 4.148E-16 3.358E-16
 2.558E-16 1.775E-16 9.736E-17 2.621E-17 7.342E-18 1.182E-17 1.836E-17 2.736E-17
 4.039E-17 5.895E-17 8.488E-17 1.197E-16 1.645E-16 2.193E-16 2.836E-16 3.554E-16
 4.336E-16 5.152E-16 5.935E-16 6.529E-16 6.475E-16 6.262E-16 5.998E-16 5.681E-16
 5.317E-16 4.908E-16 4.464E-16 3.997E-16 3.514E-16 3.016E-16 2.514E-16 2.047E-16
 1.590E-16 1.348E-16 1.492E-16 1.657E-16 1.669E-16 1.637E-16 1.595E-16 1.541E-16
 1.474E-16 1.393E-16 1.298E-16 1.189E-16 1.066E-16 9.317E-17 7.876E-17 6.348E-17
 4.744E-17 3.175E-17 1.610E-17 3.174E-18 2.004E-21 0.000E+00 0.000E+00 0.000E+00
 0.000E+00 0.000E+00 0.000E+00 0.000E+00 0.000E+00 0.000E+00 0.000E+00 0.000E+00
 0.000E+00 0.000E+00 0.000E+00 0.000E+00 0.000E+00 0.000E+00 0.000E+00 0.000E+00
 0.000E+00 0.000E+00 0.000E+00 0.000E+00
                                   Total (all groups):  1.947E-14 neutrons/sec-cm**3   .
                               Average Neutron Energy:  3.493E+00 MeV.


 (a,n) neutrons/sec-cc from  4.57180E+12 at/cc  u235  alphas on mg 25  in target
 2.563E-17 3.626E-17 2.411E-17 1.547E-17 1.772E-17 2.401E-17 3.496E-17 4.896E-17
 6.705E-17 9.183E-17 1.250E-16 1.642E-16 2.102E-16 2.621E-16 2.846E-16 2.684E-16
 2.397E-16 2.043E-16 1.658E-16 1.224E-16 7.478E-17 2.604E-17 7.648E-18 1.805E-18
 1.078E-18 1.471E-18 2.305E-18 3.988E-18 6.936E-18 1.136E-17 1.764E-17 2.629E-17
 3.880E-17 5.663E-17 8.154E-17 1.150E-16 1.580E-16 2.105E-16 2.688E-16 3.057E-16
 3.073E-16 3.004E-16 2.904E-16 2.777E-16 2.612E-16 2.407E-16 2.153E-16 1.849E-16
 1.499E-16 1.110E-16 7.143E-17 4.077E-17 4.223E-17 5.189E-17 6.670E-17 7.765E-17
 7.906E-17 7.836E-17 7.712E-17 7.546E-17 7.317E-17 7.012E-17 6.606E-17 6.092E-17
 5.451E-17 4.672E-17 3.758E-17 2.709E-17 1.586E-17 4.957E-18 1.357E-18 1.450E-19
 0.000E+00 0.000E+00 0.000E+00 0.000E+00 0.000E+00 0.000E+00 0.000E+00 0.000E+00
 0.000E+00 0.000E+00 0.000E+00 0.000E+00 0.000E+00 0.000E+00 0.000E+00 0.000E+00
 0.000E+00 0.000E+00 0.000E+00 0.000E+00 0.000E+00 0.000E+00 0.000E+00 0.000E+00
 0.000E+00 0.000E+00 0.000E+00 0.000E+00
                                   Total (all groups):  7.307E-15 neutrons/sec-cm**3   .
                               Average Neutron Energy:  3.461E+00 MeV.



 Total (alpha,n) neutron spectrum this target
 4.837E-16 1.112E-15 1.655E-15 2.162E-15 2.499E-15 2.481E-15 2.350E-15 2.130E-15
 1.895E-15 1.665E-15 1.542E-15 1.524E-15 1.535E-15 1.621E-15 1.728E-15 1.823E-15
 1.938E-15 2.113E-15 2.286E-15 2.374E-15 2.447E-15 2.508E-15 2.576E-15 2.567E-15
 2.407E-15 2.207E-15 1.950E-15 1.682E-15 1.462E-15 1.262E-15 1.065E-15 8.788E-16
 7.061E-16 5.626E-16 4.867E-16 5.437E-16 6.685E-16 8.393E-16 1.073E-15 1.313E-15
 1.537E-15 1.765E-15 1.996E-15 2.211E-15 2.357E-15 2.482E-15 2.592E-15 2.679E-15
 2.705E-15 2.614E-15 2.484E-15 2.331E-15 2.195E-15 2.064E-15 1.934E-15 1.800E-15
 1.653E-15 1.523E-15 1.430E-15 1.337E-15 1.226E-15 1.106E-15 9.844E-16 8.735E-16
 7.935E-16 7.433E-16 6.875E-16 6.319E-16 5.854E-16 5.364E-16 4.920E-16 4.475E-16
 4.017E-16 3.548E-16 3.065E-16 2.599E-16 2.224E-16 1.874E-16 1.519E-16 1.161E-16
 8.031E-17 4.725E-17 2.182E-17 1.185E-17 5.445E-18 6.180E-19 2.033E-21 4.760E-22
 0.000E+00 0.000E+00 0.000E+00 0.000E+00 0.000E+00 0.000E+00 0.000E+00 0.000E+00
 0.000E+00 0.000E+00 0.000E+00 0.000E+00
                                   Total (all groups):  1.191E-13 neutrons/sec-cm**3   .
                               Average Neutron Energy:  3.365E+00 MeV.
 

--------------------------------------------------------------------------------
 


 (a,n) neutrons/sec-cc from  9.55962E-07 at/cc at219  alphas on mg 26  in target
 6.592E-22 2.520E-21 5.248E-21 8.896E-21 1.355E-20 1.942E-20 2.664E-20 3.548E-20
 4.618E-20 5.900E-20 7.413E-20 9.166E-20 1.114E-19 1.335E-19 1.577E-19 1.841E-19
 2.126E-19 2.436E-19 2.735E-19 2.890E-19 3.039E-19 3.200E-19 3.371E-19 3.553E-19
 3.648E-19 3.657E-19 3.672E-19 3.660E-19 3.476E-19 3.377E-19 3.305E-19 3.228E-19
 3.146E-19 3.058E-19 2.887E-19 2.599E-19 2.401E-19 2.205E-19 1.999E-19 1.791E-19
 1.704E-19 1.652E-19 1.595E-19 1.533E-19 1.466E-19 1.380E-19 1.200E-19 1.011E-19
 9.284E-20 8.687E-20 8.053E-20 7.385E-20 6.687E-20 5.960E-20 5.207E-20 4.431E-20
 3.636E-20 2.826E-20 2.001E-20 1.160E-20 3.131E-21 0.000E+00 0.000E+00 0.000E+00
 0.000E+00 0.000E+00 0.000E+00 0.000E+00 0.000E+00 0.000E+00 0.000E+00 0.000E+00
 0.000E+00 0.000E+00 0.000E+00 0.000E+00 0.000E+00 0.000E+00 0.000E+00 0.000E+00
 0.000E+00 0.000E+00 0.000E+00 0.000E+00 0.000E+00 0.000E+00 0.000E+00 0.000E+00
 0.000E+00 0.000E+00 0.000E+00 0.000E+00 0.000E+00 0.000E+00 0.000E+00 0.000E+00
 0.000E+00 0.000E+00 0.000E+00 0.000E+00
                                   Total (all groups):  9.926E-18 neutrons/sec-cm**3   .
                               Average Neutron Energy:  2.959E+00 MeV.


 (a,n) neutrons/sec-cc from  3.75558E-03 at/cc fr223  alphas on mg 26  in target
 4.409E-24 1.685E-23 3.510E-23 5.950E-23 9.065E-23 1.299E-22 1.782E-22 2.373E-22
 3.089E-22 3.946E-22 4.958E-22 6.108E-22 6.725E-22 7.111E-22 7.564E-22 8.094E-22
 8.705E-22 9.166E-22 9.039E-22 9.035E-22 9.590E-22 9.538E-22 9.178E-22 8.791E-22
 8.383E-22 7.964E-22 7.696E-22 7.736E-22 7.077E-22 6.293E-22 5.530E-22 5.308E-22
 5.199E-22 5.072E-22 4.920E-22 4.741E-22 4.537E-22 4.305E-22 4.106E-22 3.993E-22
 3.793E-22 3.570E-22 3.323E-22 3.055E-22 2.766E-22 2.458E-22 2.128E-22 1.776E-22
 1.400E-22 1.000E-22 5.764E-23 1.407E-23 0.000E+00 0.000E+00 0.000E+00 0.000E+00
 0.000E+00 0.000E+00 0.000E+00 0.000E+00 0.000E+00 0.000E+00 0.000E+00 0.000E+00
 0.000E+00 0.000E+00 0.000E+00 0.000E+00 0.000E+00 0.000E+00 0.000E+00 0.000E+00
 0.000E+00 0.000E+00 0.000E+00 0.000E+00 0.000E+00 0.000E+00 0.000E+00 0.000E+00
 0.000E+00 0.000E+00 0.000E+00 0.000E+00 0.000E+00 0.000E+00 0.000E+00 0.000E+00
 0.000E+00 0.000E+00 0.000E+00 0.000E+00 0.000E+00 0.000E+00 0.000E+00 0.000E+00
 0.000E+00 0.000E+00 0.000E+00 0.000E+00
                                   Total (all groups):  2.470E-20 neutrons/sec-cm**3   .
                               Average Neutron Energy:  2.479E+00 MeV.


 (a,n) neutrons/sec-cc from  2.03200E+02 at/cc ra223  alphas on mg 26  in target
 7.896E-18 3.018E-17 6.286E-17 1.065E-16 1.623E-16 2.326E-16 3.191E-16 4.250E-16
 5.532E-16 7.067E-16 8.879E-16 1.098E-15 1.334E-15 1.585E-15 1.795E-15 1.910E-15
 2.020E-15 2.146E-15 2.286E-15 2.415E-15 2.469E-15 2.467E-15 2.480E-15 2.481E-15
 2.425E-15 2.350E-15 2.274E-15 2.198E-15 2.123E-15 2.045E-15 1.930E-15 1.772E-15
 1.607E-15 1.455E-15 1.346E-15 1.306E-15 1.269E-15 1.228E-15 1.181E-15 1.130E-15
 1.070E-15 9.890E-16 8.869E-16 8.336E-16 7.815E-16 7.262E-16 6.673E-16 6.041E-16
 5.367E-16 4.652E-16 3.893E-16 3.094E-16 2.261E-16 1.412E-16 6.361E-17 9.892E-18
 5.029E-19 0.000E+00 0.000E+00 0.000E+00 0.000E+00 0.000E+00 0.000E+00 0.000E+00
 0.000E+00 0.000E+00 0.000E+00 0.000E+00 0.000E+00 0.000E+00 0.000E+00 0.000E+00
 0.000E+00 0.000E+00 0.000E+00 0.000E+00 0.000E+00 0.000E+00 0.000E+00 0.000E+00
 0.000E+00 0.000E+00 0.000E+00 0.000E+00 0.000E+00 0.000E+00 0.000E+00 0.000E+00
 0.000E+00 0.000E+00 0.000E+00 0.000E+00 0.000E+00 0.000E+00 0.000E+00 0.000E+00
 0.000E+00 0.000E+00 0.000E+00 0.000E+00
                                   Total (all groups):  6.632E-14 neutrons/sec-cm**3   .
                               Average Neutron Energy:  2.652E+00 MeV.


 (a,n) neutrons/sec-cc from  1.41548E+05 at/cc ac227  alphas on mg 26  in target
 1.091E-19 4.171E-19 8.689E-19 1.473E-18 2.244E-18 3.215E-18 4.411E-18 5.873E-18
 7.602E-18 8.861E-18 9.370E-18 1.002E-17 1.081E-17 1.175E-17 1.260E-17 1.247E-17
 1.302E-17 1.391E-17 1.399E-17 1.327E-17 1.250E-17 1.171E-17 1.104E-17 1.122E-17
 1.139E-17 1.029E-17 8.872E-18 8.198E-18 7.929E-18 7.663E-18 7.400E-18 7.140E-18
 6.869E-18 6.569E-18 6.311E-18 6.827E-18 7.049E-18 6.726E-18 6.342E-18 5.904E-18
 5.409E-18 4.857E-18 4.247E-18 3.583E-18 2.869E-18 2.104E-18 1.294E-18 4.635E-19
 3.622E-21 0.000E+00 0.000E+00 0.000E+00 0.000E+00 0.000E+00 0.000E+00 0.000E+00
 0.000E+00 0.000E+00 0.000E+00 0.000E+00 0.000E+00 0.000E+00 0.000E+00 0.000E+00
 0.000E+00 0.000E+00 0.000E+00 0.000E+00 0.000E+00 0.000E+00 0.000E+00 0.000E+00
 0.000E+00 0.000E+00 0.000E+00 0.000E+00 0.000E+00 0.000E+00 0.000E+00 0.000E+00
 0.000E+00 0.000E+00 0.000E+00 0.000E+00 0.000E+00 0.000E+00 0.000E+00 0.000E+00
 0.000E+00 0.000E+00 0.000E+00 0.000E+00 0.000E+00 0.000E+00 0.000E+00 0.000E+00
 0.000E+00 0.000E+00 0.000E+00 0.000E+00
                                   Total (all groups):  3.491E-16 neutrons/sec-cm**3   .
                               Average Neutron Energy:  2.290E+00 MeV.


 (a,n) neutrons/sec-cc from  3.29118E+02 at/cc th227  alphas on mg 26  in target
 5.991E-18 2.290E-17 4.769E-17 8.084E-17 1.232E-16 1.765E-16 2.421E-16 3.224E-16
 4.197E-16 5.362E-16 6.736E-16 8.330E-16 1.013E-15 1.213E-15 1.423E-15 1.587E-15
 1.737E-15 1.850E-15 1.959E-15 2.081E-15 2.183E-15 2.244E-15 2.285E-15 2.294E-15
 2.277E-15 2.243E-15 2.170E-15 2.110E-15 2.050E-15 1.987E-15 1.915E-15 1.816E-15
 1.694E-15 1.535E-15 1.402E-15 1.309E-15 1.224E-15 1.151E-15 1.112E-15 1.073E-15
 1.030E-15 9.764E-16 8.964E-16 8.387E-16 7.604E-16 6.837E-16 6.369E-16 5.889E-16
 5.379E-16 4.836E-16 4.260E-16 3.653E-16 3.019E-16 2.358E-16 1.675E-16 1.017E-16
 6.021E-17 2.943E-17 4.169E-18 0.000E+00 0.000E+00 0.000E+00 0.000E+00 0.000E+00
 0.000E+00 0.000E+00 0.000E+00 0.000E+00 0.000E+00 0.000E+00 0.000E+00 0.000E+00
 0.000E+00 0.000E+00 0.000E+00 0.000E+00 0.000E+00 0.000E+00 0.000E+00 0.000E+00
 0.000E+00 0.000E+00 0.000E+00 0.000E+00 0.000E+00 0.000E+00 0.000E+00 0.000E+00
 0.000E+00 0.000E+00 0.000E+00 0.000E+00 0.000E+00 0.000E+00 0.000E+00 0.000E+00
 0.000E+00 0.000E+00 0.000E+00 0.000E+00
                                   Total (all groups):  6.155E-14 neutrons/sec-cm**3   .
                               Average Neutron Energy:  2.755E+00 MeV.


 (a,n) neutrons/sec-cc from  2.12652E+08 at/cc pa231  alphas on mg 26  in target
 7.626E-18 2.915E-17 6.071E-17 1.029E-16 1.568E-16 2.246E-16 3.082E-16 4.091E-16
 5.221E-16 6.346E-16 6.865E-16 7.318E-16 7.870E-16 8.487E-16 9.168E-16 9.404E-16
 9.446E-16 9.933E-16 1.030E-15 9.923E-16 9.408E-16 8.923E-16 8.429E-16 8.162E-16
 8.251E-16 7.912E-16 6.972E-16 6.171E-16 5.870E-16 5.684E-16 5.500E-16 5.319E-16
 5.138E-16 4.992E-16 4.823E-16 4.796E-16 5.071E-16 4.921E-16 4.653E-16 4.347E-16
 4.001E-16 3.615E-16 3.189E-16 2.725E-16 2.226E-16 1.693E-16 1.161E-16 6.245E-17
 1.450E-17 7.561E-20 0.000E+00 0.000E+00 0.000E+00 0.000E+00 0.000E+00 0.000E+00
 0.000E+00 0.000E+00 0.000E+00 0.000E+00 0.000E+00 0.000E+00 0.000E+00 0.000E+00
 0.000E+00 0.000E+00 0.000E+00 0.000E+00 0.000E+00 0.000E+00 0.000E+00 0.000E+00
 0.000E+00 0.000E+00 0.000E+00 0.000E+00 0.000E+00 0.000E+00 0.000E+00 0.000E+00
 0.000E+00 0.000E+00 0.000E+00 0.000E+00 0.000E+00 0.000E+00 0.000E+00 0.000E+00
 0.000E+00 0.000E+00 0.000E+00 0.000E+00 0.000E+00 0.000E+00 0.000E+00 0.000E+00
 0.000E+00 0.000E+00 0.000E+00 0.000E+00
                                   Total (all groups):  2.580E-14 neutrons/sec-cm**3   .
                               Average Neutron Energy:  2.310E+00 MeV.


 (a,n) neutrons/sec-cc from  4.57180E+12 at/cc  u235  alphas on mg 26  in target
 7.326E-18 2.800E-17 5.833E-17 9.883E-17 1.487E-16 1.941E-16 2.092E-16 2.209E-16
 2.384E-16 2.644E-16 3.067E-16 3.358E-16 3.578E-16 3.822E-16 3.829E-16 3.520E-16
 3.137E-16 2.897E-16 2.936E-16 3.044E-16 3.152E-16 2.882E-16 2.688E-16 2.492E-16
 2.310E-16 2.123E-16 1.937E-16 1.755E-16 1.602E-16 1.546E-16 1.851E-16 2.252E-16
 2.466E-16 2.436E-16 2.331E-16 2.186E-16 2.007E-16 1.790E-16 1.533E-16 1.239E-16
 9.072E-17 5.518E-17 1.916E-17 5.022E-18 7.139E-19 0.000E+00 0.000E+00 0.000E+00
 0.000E+00 0.000E+00 0.000E+00 0.000E+00 0.000E+00 0.000E+00 0.000E+00 0.000E+00
 0.000E+00 0.000E+00 0.000E+00 0.000E+00 0.000E+00 0.000E+00 0.000E+00 0.000E+00
 0.000E+00 0.000E+00 0.000E+00 0.000E+00 0.000E+00 0.000E+00 0.000E+00 0.000E+00
 0.000E+00 0.000E+00 0.000E+00 0.000E+00 0.000E+00 0.000E+00 0.000E+00 0.000E+00
 0.000E+00 0.000E+00 0.000E+00 0.000E+00 0.000E+00 0.000E+00 0.000E+00 0.000E+00
 0.000E+00 0.000E+00 0.000E+00 0.000E+00 0.000E+00 0.000E+00 0.000E+00 0.000E+00
 0.000E+00 0.000E+00 0.000E+00 0.000E+00
                                   Total (all groups):  9.216E-15 neutrons/sec-cm**3   .
                               Average Neutron Energy:  2.067E+00 MeV.



 Total (alpha,n) neutron spectrum this target
 2.895E-17 1.106E-16 2.305E-16 3.906E-16 5.933E-16 8.311E-16 1.083E-15 1.383E-15
 1.741E-15 2.151E-15 2.564E-15 3.009E-15 3.502E-15 4.040E-15 4.530E-15 4.802E-15
 5.028E-15 5.293E-15 5.583E-15 5.806E-15 5.921E-15 5.903E-15 5.888E-15 5.852E-15
 5.770E-15 5.606E-15 5.345E-15 5.109E-15 4.928E-15 4.763E-15 4.588E-15 4.353E-15
 4.069E-15 3.740E-15 3.470E-15 3.321E-15 3.209E-15 3.056E-15 2.918E-15 2.767E-15
 2.596E-15 2.387E-15 2.126E-15 1.954E-15 1.768E-15 1.581E-15 1.422E-15 1.256E-15
 1.089E-15 9.490E-16 8.154E-16 6.748E-16 5.280E-16 3.771E-16 2.311E-16 1.116E-16
 6.075E-17 2.946E-17 4.189E-18 1.160E-20 3.131E-21 0.000E+00 0.000E+00 0.000E+00
 0.000E+00 0.000E+00 0.000E+00 0.000E+00 0.000E+00 0.000E+00 0.000E+00 0.000E+00
 0.000E+00 0.000E+00 0.000E+00 0.000E+00 0.000E+00 0.000E+00 0.000E+00 0.000E+00
 0.000E+00 0.000E+00 0.000E+00 0.000E+00 0.000E+00 0.000E+00 0.000E+00 0.000E+00
 0.000E+00 0.000E+00 0.000E+00 0.000E+00 0.000E+00 0.000E+00 0.000E+00 0.000E+00
 0.000E+00 0.000E+00 0.000E+00 0.000E+00
                                   Total (all groups):  1.632E-13 neutrons/sec-cm**3   .
                               Average Neutron Energy:  2.603E+00 MeV.
 

--------------------------------------------------------------------------------
 


 (a,n) neutrons/sec-cc from  9.55962E-07 at/cc at219  alphas on al 27  in target
 7.832E-19 1.864E-18 2.416E-18 2.919E-18 3.355E-18 3.860E-18 3.912E-18 3.806E-18
 3.675E-18 3.544E-18 3.183E-18 2.761E-18 2.659E-18 2.602E-18 2.544E-18 2.493E-18
 2.355E-18 2.114E-18 2.043E-18 1.985E-18 1.938E-18 1.894E-18 1.789E-18 1.527E-18
 1.247E-18 9.913E-19 8.588E-19 7.440E-19 6.251E-19 4.974E-19 3.608E-19 2.182E-19
 7.055E-20 0.000E+00 0.000E+00 0.000E+00 0.000E+00 0.000E+00 0.000E+00 0.000E+00
 0.000E+00 0.000E+00 0.000E+00 0.000E+00 0.000E+00 0.000E+00 0.000E+00 0.000E+00
 0.000E+00 0.000E+00 0.000E+00 0.000E+00 0.000E+00 0.000E+00 0.000E+00 0.000E+00
 0.000E+00 0.000E+00 0.000E+00 0.000E+00 0.000E+00 0.000E+00 0.000E+00 0.000E+00
 0.000E+00 0.000E+00 0.000E+00 0.000E+00 0.000E+00 0.000E+00 0.000E+00 0.000E+00
 0.000E+00 0.000E+00 0.000E+00 0.000E+00 0.000E+00 0.000E+00 0.000E+00 0.000E+00
 0.000E+00 0.000E+00 0.000E+00 0.000E+00 0.000E+00 0.000E+00 0.000E+00 0.000E+00
 0.000E+00 0.000E+00 0.000E+00 0.000E+00 0.000E+00 0.000E+00 0.000E+00 0.000E+00
 0.000E+00 0.000E+00 0.000E+00 0.000E+00
                                   Total (all groups):  6.764E-17 neutrons/sec-cm**3   .
                               Average Neutron Energy:  1.248E+00 MeV.


 (a,n) neutrons/sec-cc from  3.75558E-03 at/cc fr223  alphas on al 27  in target
 1.175E-21 2.851E-21 4.794E-21 6.490E-21 6.440E-21 6.189E-21 5.832E-21 5.338E-21
 5.814E-21 6.637E-21 6.660E-21 6.591E-21 6.504E-21 6.367E-21 6.186E-21 5.873E-21
 4.957E-21 4.347E-21 3.711E-21 3.045E-21 2.372E-21 1.696E-21 9.965E-22 2.577E-22
 0.000E+00 0.000E+00 0.000E+00 0.000E+00 0.000E+00 0.000E+00 0.000E+00 0.000E+00
 0.000E+00 0.000E+00 0.000E+00 0.000E+00 0.000E+00 0.000E+00 0.000E+00 0.000E+00
 0.000E+00 0.000E+00 0.000E+00 0.000E+00 0.000E+00 0.000E+00 0.000E+00 0.000E+00
 0.000E+00 0.000E+00 0.000E+00 0.000E+00 0.000E+00 0.000E+00 0.000E+00 0.000E+00
 0.000E+00 0.000E+00 0.000E+00 0.000E+00 0.000E+00 0.000E+00 0.000E+00 0.000E+00
 0.000E+00 0.000E+00 0.000E+00 0.000E+00 0.000E+00 0.000E+00 0.000E+00 0.000E+00
 0.000E+00 0.000E+00 0.000E+00 0.000E+00 0.000E+00 0.000E+00 0.000E+00 0.000E+00
 0.000E+00 0.000E+00 0.000E+00 0.000E+00 0.000E+00 0.000E+00 0.000E+00 0.000E+00
 0.000E+00 0.000E+00 0.000E+00 0.000E+00 0.000E+00 0.000E+00 0.000E+00 0.000E+00
 0.000E+00 0.000E+00 0.000E+00 0.000E+00
                                   Total (all groups):  1.111E-19 neutrons/sec-cm**3   .
                               Average Neutron Energy:  1.067E+00 MeV.


 (a,n) neutrons/sec-cc from  2.03200E+02 at/cc ra223  alphas on al 27  in target
 4.838E-15 1.276E-14 1.672E-14 1.798E-14 1.883E-14 1.940E-14 1.940E-14 1.844E-14
 1.742E-14 1.660E-14 1.613E-14 1.614E-14 1.652E-14 1.633E-14 1.600E-14 1.567E-14
 1.516E-14 1.425E-14 1.267E-14 1.045E-14 8.720E-15 7.479E-15 6.223E-15 4.876E-15
 3.494E-15 2.179E-15 1.014E-15 1.830E-16 9.196E-18 2.737E-20 0.000E+00 0.000E+00
 0.000E+00 0.000E+00 0.000E+00 0.000E+00 0.000E+00 0.000E+00 0.000E+00 0.000E+00
 0.000E+00 0.000E+00 0.000E+00 0.000E+00 0.000E+00 0.000E+00 0.000E+00 0.000E+00
 0.000E+00 0.000E+00 0.000E+00 0.000E+00 0.000E+00 0.000E+00 0.000E+00 0.000E+00
 0.000E+00 0.000E+00 0.000E+00 0.000E+00 0.000E+00 0.000E+00 0.000E+00 0.000E+00
 0.000E+00 0.000E+00 0.000E+00 0.000E+00 0.000E+00 0.000E+00 0.000E+00 0.000E+00
 0.000E+00 0.000E+00 0.000E+00 0.000E+00 0.000E+00 0.000E+00 0.000E+00 0.000E+00
 0.000E+00 0.000E+00 0.000E+00 0.000E+00 0.000E+00 0.000E+00 0.000E+00 0.000E+00
 0.000E+00 0.000E+00 0.000E+00 0.000E+00 0.000E+00 0.000E+00 0.000E+00 0.000E+00
 0.000E+00 0.000E+00 0.000E+00 0.000E+00
                                   Total (all groups):  3.459E-13 neutrons/sec-cm**3   .
                               Average Neutron Energy:  1.113E+00 MeV.


 (a,n) neutrons/sec-cc from  1.41548E+05 at/cc ac227  alphas on al 27  in target
 2.449E-17 4.340E-17 4.009E-17 3.791E-17 5.291E-17 7.535E-17 9.642E-17 1.014E-16
 9.805E-17 9.368E-17 9.022E-17 8.897E-17 8.991E-17 8.589E-17 7.629E-17 6.577E-17
 5.381E-17 3.944E-17 2.378E-17 8.157E-18 4.533E-20 0.000E+00 0.000E+00 0.000E+00
 0.000E+00 0.000E+00 0.000E+00 0.000E+00 0.000E+00 0.000E+00 0.000E+00 0.000E+00
 0.000E+00 0.000E+00 0.000E+00 0.000E+00 0.000E+00 0.000E+00 0.000E+00 0.000E+00
 0.000E+00 0.000E+00 0.000E+00 0.000E+00 0.000E+00 0.000E+00 0.000E+00 0.000E+00
 0.000E+00 0.000E+00 0.000E+00 0.000E+00 0.000E+00 0.000E+00 0.000E+00 0.000E+00
 0.000E+00 0.000E+00 0.000E+00 0.000E+00 0.000E+00 0.000E+00 0.000E+00 0.000E+00
 0.000E+00 0.000E+00 0.000E+00 0.000E+00 0.000E+00 0.000E+00 0.000E+00 0.000E+00
 0.000E+00 0.000E+00 0.000E+00 0.000E+00 0.000E+00 0.000E+00 0.000E+00 0.000E+00
 0.000E+00 0.000E+00 0.000E+00 0.000E+00 0.000E+00 0.000E+00 0.000E+00 0.000E+00
 0.000E+00 0.000E+00 0.000E+00 0.000E+00 0.000E+00 0.000E+00 0.000E+00 0.000E+00
 0.000E+00 0.000E+00 0.000E+00 0.000E+00
                                   Total (all groups):  1.286E-15 neutrons/sec-cm**3   .
                               Average Neutron Energy:  9.822E-01 MeV.


 (a,n) neutrons/sec-cc from  3.29118E+02 at/cc th227  alphas on al 27  in target
 4.056E-15 1.054E-14 1.555E-14 1.878E-14 2.024E-14 2.025E-14 2.003E-14 1.919E-14
 1.778E-14 1.643E-14 1.588E-14 1.544E-14 1.539E-14 1.514E-14 1.468E-14 1.420E-14
 1.382E-14 1.328E-14 1.254E-14 1.124E-14 9.987E-15 8.584E-15 7.096E-15 5.758E-15
 4.695E-15 3.674E-15 2.661E-15 1.673E-15 1.026E-15 5.365E-16 9.675E-17 0.000E+00
 0.000E+00 0.000E+00 0.000E+00 0.000E+00 0.000E+00 0.000E+00 0.000E+00 0.000E+00
 0.000E+00 0.000E+00 0.000E+00 0.000E+00 0.000E+00 0.000E+00 0.000E+00 0.000E+00
 0.000E+00 0.000E+00 0.000E+00 0.000E+00 0.000E+00 0.000E+00 0.000E+00 0.000E+00
 0.000E+00 0.000E+00 0.000E+00 0.000E+00 0.000E+00 0.000E+00 0.000E+00 0.000E+00
 0.000E+00 0.000E+00 0.000E+00 0.000E+00 0.000E+00 0.000E+00 0.000E+00 0.000E+00
 0.000E+00 0.000E+00 0.000E+00 0.000E+00 0.000E+00 0.000E+00 0.000E+00 0.000E+00
 0.000E+00 0.000E+00 0.000E+00 0.000E+00 0.000E+00 0.000E+00 0.000E+00 0.000E+00
 0.000E+00 0.000E+00 0.000E+00 0.000E+00 0.000E+00 0.000E+00 0.000E+00 0.000E+00
 0.000E+00 0.000E+00 0.000E+00 0.000E+00
                                   Total (all groups):  3.503E-13 neutrons/sec-cm**3   .
                               Average Neutron Energy:  1.156E+00 MeV.


 (a,n) neutrons/sec-cc from  2.12652E+08 at/cc pa231  alphas on al 27  in target
 1.594E-15 3.620E-15 3.716E-15 3.532E-15 3.872E-15 5.214E-15 6.594E-15 7.408E-15
 7.262E-15 6.959E-15 6.764E-15 6.720E-15 6.593E-15 6.353E-15 5.705E-15 4.970E-15
 4.134E-15 3.134E-15 2.111E-15 1.099E-15 2.432E-16 1.174E-18 0.000E+00 0.000E+00
 0.000E+00 0.000E+00 0.000E+00 0.000E+00 0.000E+00 0.000E+00 0.000E+00 0.000E+00
 0.000E+00 0.000E+00 0.000E+00 0.000E+00 0.000E+00 0.000E+00 0.000E+00 0.000E+00
 0.000E+00 0.000E+00 0.000E+00 0.000E+00 0.000E+00 0.000E+00 0.000E+00 0.000E+00
 0.000E+00 0.000E+00 0.000E+00 0.000E+00 0.000E+00 0.000E+00 0.000E+00 0.000E+00
 0.000E+00 0.000E+00 0.000E+00 0.000E+00 0.000E+00 0.000E+00 0.000E+00 0.000E+00
 0.000E+00 0.000E+00 0.000E+00 0.000E+00 0.000E+00 0.000E+00 0.000E+00 0.000E+00
 0.000E+00 0.000E+00 0.000E+00 0.000E+00 0.000E+00 0.000E+00 0.000E+00 0.000E+00
 0.000E+00 0.000E+00 0.000E+00 0.000E+00 0.000E+00 0.000E+00 0.000E+00 0.000E+00
 0.000E+00 0.000E+00 0.000E+00 0.000E+00 0.000E+00 0.000E+00 0.000E+00 0.000E+00
 0.000E+00 0.000E+00 0.000E+00 0.000E+00
                                   Total (all groups):  9.760E-14 neutrons/sec-cm**3   .
                               Average Neutron Energy:  9.887E-01 MeV.


 (a,n) neutrons/sec-cc from  4.57180E+12 at/cc  u235  alphas on al 27  in target
 1.751E-16 6.225E-16 1.273E-15 1.737E-15 1.866E-15 1.826E-15 1.723E-15 1.962E-15
 2.370E-15 2.392E-15 2.154E-15 1.788E-15 1.327E-15 7.983E-16 2.561E-16 7.542E-17
 9.259E-18 0.000E+00 0.000E+00 0.000E+00 0.000E+00 0.000E+00 0.000E+00 0.000E+00
 0.000E+00 0.000E+00 0.000E+00 0.000E+00 0.000E+00 0.000E+00 0.000E+00 0.000E+00
 0.000E+00 0.000E+00 0.000E+00 0.000E+00 0.000E+00 0.000E+00 0.000E+00 0.000E+00
 0.000E+00 0.000E+00 0.000E+00 0.000E+00 0.000E+00 0.000E+00 0.000E+00 0.000E+00
 0.000E+00 0.000E+00 0.000E+00 0.000E+00 0.000E+00 0.000E+00 0.000E+00 0.000E+00
 0.000E+00 0.000E+00 0.000E+00 0.000E+00 0.000E+00 0.000E+00 0.000E+00 0.000E+00
 0.000E+00 0.000E+00 0.000E+00 0.000E+00 0.000E+00 0.000E+00 0.000E+00 0.000E+00
 0.000E+00 0.000E+00 0.000E+00 0.000E+00 0.000E+00 0.000E+00 0.000E+00 0.000E+00
 0.000E+00 0.000E+00 0.000E+00 0.000E+00 0.000E+00 0.000E+00 0.000E+00 0.000E+00
 0.000E+00 0.000E+00 0.000E+00 0.000E+00 0.000E+00 0.000E+00 0.000E+00 0.000E+00
 0.000E+00 0.000E+00 0.000E+00 0.000E+00
                                   Total (all groups):  2.236E-14 neutrons/sec-cm**3   .
                               Average Neutron Energy:  7.742E-01 MeV.



 Total (alpha,n) neutron spectrum this target
 1.069E-14 2.759E-14 3.730E-14 4.207E-14 4.487E-14 4.677E-14 4.785E-14 4.710E-14
 4.493E-14 4.249E-14 4.102E-14 4.018E-14 3.993E-14 3.870E-14 3.672E-14 3.499E-14
 3.317E-14 3.071E-14 2.735E-14 2.280E-14 1.895E-14 1.607E-14 1.332E-14 1.064E-14
 8.191E-15 5.853E-15 3.675E-15 1.857E-15 1.035E-15 5.371E-16 9.711E-17 2.182E-19
 7.055E-20 0.000E+00 0.000E+00 0.000E+00 0.000E+00 0.000E+00 0.000E+00 0.000E+00
 0.000E+00 0.000E+00 0.000E+00 0.000E+00 0.000E+00 0.000E+00 0.000E+00 0.000E+00
 0.000E+00 0.000E+00 0.000E+00 0.000E+00 0.000E+00 0.000E+00 0.000E+00 0.000E+00
 0.000E+00 0.000E+00 0.000E+00 0.000E+00 0.000E+00 0.000E+00 0.000E+00 0.000E+00
 0.000E+00 0.000E+00 0.000E+00 0.000E+00 0.000E+00 0.000E+00 0.000E+00 0.000E+00
 0.000E+00 0.000E+00 0.000E+00 0.000E+00 0.000E+00 0.000E+00 0.000E+00 0.000E+00
 0.000E+00 0.000E+00 0.000E+00 0.000E+00 0.000E+00 0.000E+00 0.000E+00 0.000E+00
 0.000E+00 0.000E+00 0.000E+00 0.000E+00 0.000E+00 0.000E+00 0.000E+00 0.000E+00
 0.000E+00 0.000E+00 0.000E+00 0.000E+00
                                   Total (all groups):  8.174E-13 neutrons/sec-cm**3   .
                               Average Neutron Energy:  1.107E+00 MeV.
 

--------------------------------------------------------------------------------
 


 (a,n) neutrons/sec-cc from  9.55962E-07 at/cc at219  alphas on si 29  in target
 9.967E-20 2.269E-19 3.411E-19 5.074E-19 6.646E-19 8.017E-19 8.716E-19 9.453E-19
 1.072E-18 1.347E-18 1.469E-18 1.751E-18 1.977E-18 2.077E-18 1.924E-18 1.749E-18
 1.544E-18 1.419E-18 1.148E-18 9.075E-19 6.020E-19 4.283E-19 4.454E-19 4.743E-19
 4.569E-19 4.532E-19 4.639E-19 4.936E-19 5.446E-19 5.973E-19 6.354E-19 6.770E-19
 7.135E-19 7.093E-19 6.569E-19 6.107E-19 5.630E-19 5.120E-19 4.496E-19 3.726E-19
 3.110E-19 2.459E-19 1.608E-19 9.004E-20 1.995E-20 0.000E+00 0.000E+00 0.000E+00
 0.000E+00 0.000E+00 0.000E+00 0.000E+00 0.000E+00 0.000E+00 0.000E+00 0.000E+00
 0.000E+00 0.000E+00 0.000E+00 0.000E+00 0.000E+00 0.000E+00 0.000E+00 0.000E+00
 0.000E+00 0.000E+00 0.000E+00 0.000E+00 0.000E+00 0.000E+00 0.000E+00 0.000E+00
 0.000E+00 0.000E+00 0.000E+00 0.000E+00 0.000E+00 0.000E+00 0.000E+00 0.000E+00
 0.000E+00 0.000E+00 0.000E+00 0.000E+00 0.000E+00 0.000E+00 0.000E+00 0.000E+00
 0.000E+00 0.000E+00 0.000E+00 0.000E+00 0.000E+00 0.000E+00 0.000E+00 0.000E+00
 0.000E+00 0.000E+00 0.000E+00 0.000E+00
                                   Total (all groups):  3.453E-17 neutrons/sec-cm**3   .
                               Average Neutron Energy:  1.854E+00 MeV.


 (a,n) neutrons/sec-cc from  3.75558E-03 at/cc fr223  alphas on si 29  in target
 3.825E-22 1.182E-21 2.101E-21 3.370E-21 4.443E-21 5.361E-21 5.589E-21 4.605E-21
 3.334E-21 2.564E-21 1.376E-21 3.255E-22 1.169E-22 2.800E-22 7.917E-22 1.401E-21
 1.776E-21 2.358E-21 2.874E-21 3.072E-21 3.013E-21 2.852E-21 2.979E-21 3.172E-21
 3.055E-21 3.031E-21 2.852E-21 2.569E-21 2.331E-21 2.077E-21 1.735E-21 1.342E-21
 9.534E-22 7.105E-22 3.602E-22 6.039E-23 0.000E+00 0.000E+00 0.000E+00 0.000E+00
 0.000E+00 0.000E+00 0.000E+00 0.000E+00 0.000E+00 0.000E+00 0.000E+00 0.000E+00
 0.000E+00 0.000E+00 0.000E+00 0.000E+00 0.000E+00 0.000E+00 0.000E+00 0.000E+00
 0.000E+00 0.000E+00 0.000E+00 0.000E+00 0.000E+00 0.000E+00 0.000E+00 0.000E+00
 0.000E+00 0.000E+00 0.000E+00 0.000E+00 0.000E+00 0.000E+00 0.000E+00 0.000E+00
 0.000E+00 0.000E+00 0.000E+00 0.000E+00 0.000E+00 0.000E+00 0.000E+00 0.000E+00
 0.000E+00 0.000E+00 0.000E+00 0.000E+00 0.000E+00 0.000E+00 0.000E+00 0.000E+00
 0.000E+00 0.000E+00 0.000E+00 0.000E+00 0.000E+00 0.000E+00 0.000E+00 0.000E+00
 0.000E+00 0.000E+00 0.000E+00 0.000E+00
                                   Total (all groups):  8.040E-20 neutrons/sec-cm**3   .
                               Average Neutron Energy:  1.602E+00 MeV.


 (a,n) neutrons/sec-cc from  2.03200E+02 at/cc ra223  alphas on si 29  in target
 6.845E-16 2.115E-15 3.761E-15 6.037E-15 7.960E-15 9.602E-15 1.044E-14 1.129E-14
 1.238E-14 1.333E-14 1.138E-14 9.475E-15 7.515E-15 5.759E-15 4.134E-15 3.243E-15
 3.196E-15 4.223E-15 5.147E-15 5.501E-15 5.395E-15 5.106E-15 5.334E-15 5.681E-15
 5.471E-15 5.428E-15 5.554E-15 5.876E-15 6.219E-15 6.082E-15 5.472E-15 4.768E-15
 4.072E-15 3.637E-15 3.009E-15 2.456E-15 1.887E-15 1.294E-15 6.414E-16 1.150E-16
 2.681E-18 0.000E+00 0.000E+00 0.000E+00 0.000E+00 0.000E+00 0.000E+00 0.000E+00
 0.000E+00 0.000E+00 0.000E+00 0.000E+00 0.000E+00 0.000E+00 0.000E+00 0.000E+00
 0.000E+00 0.000E+00 0.000E+00 0.000E+00 0.000E+00 0.000E+00 0.000E+00 0.000E+00
 0.000E+00 0.000E+00 0.000E+00 0.000E+00 0.000E+00 0.000E+00 0.000E+00 0.000E+00
 0.000E+00 0.000E+00 0.000E+00 0.000E+00 0.000E+00 0.000E+00 0.000E+00 0.000E+00
 0.000E+00 0.000E+00 0.000E+00 0.000E+00 0.000E+00 0.000E+00 0.000E+00 0.000E+00
 0.000E+00 0.000E+00 0.000E+00 0.000E+00 0.000E+00 0.000E+00 0.000E+00 0.000E+00
 0.000E+00 0.000E+00 0.000E+00 0.000E+00
                                   Total (all groups):  2.207E-13 neutrons/sec-cm**3   .
                               Average Neutron Energy:  1.662E+00 MeV.


 (a,n) neutrons/sec-cc from  1.41548E+05 at/cc ac227  alphas on si 29  in target
 9.465E-18 2.925E-17 5.191E-17 8.038E-17 7.743E-17 6.119E-17 3.420E-17 8.432E-18
 5.995E-19 8.349E-19 1.176E-18 1.874E-18 2.892E-18 6.929E-18 1.960E-17 3.467E-17
 4.396E-17 5.837E-17 7.113E-17 7.604E-17 7.457E-17 7.057E-17 7.334E-17 7.177E-17
 5.979E-17 4.822E-17 4.018E-17 3.319E-17 2.730E-17 2.101E-17 1.260E-17 3.357E-18
 1.904E-20 0.000E+00 0.000E+00 0.000E+00 0.000E+00 0.000E+00 0.000E+00 0.000E+00
 0.000E+00 0.000E+00 0.000E+00 0.000E+00 0.000E+00 0.000E+00 0.000E+00 0.000E+00
 0.000E+00 0.000E+00 0.000E+00 0.000E+00 0.000E+00 0.000E+00 0.000E+00 0.000E+00
 0.000E+00 0.000E+00 0.000E+00 0.000E+00 0.000E+00 0.000E+00 0.000E+00 0.000E+00
 0.000E+00 0.000E+00 0.000E+00 0.000E+00 0.000E+00 0.000E+00 0.000E+00 0.000E+00
 0.000E+00 0.000E+00 0.000E+00 0.000E+00 0.000E+00 0.000E+00 0.000E+00 0.000E+00
 0.000E+00 0.000E+00 0.000E+00 0.000E+00 0.000E+00 0.000E+00 0.000E+00 0.000E+00
 0.000E+00 0.000E+00 0.000E+00 0.000E+00 0.000E+00 0.000E+00 0.000E+00 0.000E+00
 0.000E+00 0.000E+00 0.000E+00 0.000E+00
                                   Total (all groups):  1.206E-15 neutrons/sec-cm**3   .
                               Average Neutron Energy:  1.651E+00 MeV.


 (a,n) neutrons/sec-cc from  3.29118E+02 at/cc th227  alphas on si 29  in target
 5.195E-16 1.605E-15 2.854E-15 4.580E-15 6.038E-15 7.284E-15 7.920E-15 8.591E-15
 9.735E-15 1.177E-14 1.150E-14 1.146E-14 1.012E-14 8.748E-15 7.300E-15 5.832E-15
 4.700E-15 4.679E-15 4.172E-15 4.173E-15 4.093E-15 3.874E-15 4.046E-15 4.310E-15
 4.151E-15 4.118E-15 4.215E-15 4.485E-15 4.930E-15 5.187E-15 5.055E-15 4.753E-15
 4.228E-15 3.898E-15 3.422E-15 3.001E-15 2.568E-15 2.105E-15 1.539E-15 8.925E-16
 5.450E-16 3.014E-16 2.961E-17 0.000E+00 0.000E+00 0.000E+00 0.000E+00 0.000E+00
 0.000E+00 0.000E+00 0.000E+00 0.000E+00 0.000E+00 0.000E+00 0.000E+00 0.000E+00
 0.000E+00 0.000E+00 0.000E+00 0.000E+00 0.000E+00 0.000E+00 0.000E+00 0.000E+00
 0.000E+00 0.000E+00 0.000E+00 0.000E+00 0.000E+00 0.000E+00 0.000E+00 0.000E+00
 0.000E+00 0.000E+00 0.000E+00 0.000E+00 0.000E+00 0.000E+00 0.000E+00 0.000E+00
 0.000E+00 0.000E+00 0.000E+00 0.000E+00 0.000E+00 0.000E+00 0.000E+00 0.000E+00
 0.000E+00 0.000E+00 0.000E+00 0.000E+00 0.000E+00 0.000E+00 0.000E+00 0.000E+00
 0.000E+00 0.000E+00 0.000E+00 0.000E+00
                                   Total (all groups):  2.093E-13 neutrons/sec-cm**3   .
                               Average Neutron Energy:  1.724E+00 MeV.


 (a,n) neutrons/sec-cc from  2.12652E+08 at/cc pa231  alphas on si 29  in target
 6.614E-16 2.043E-15 3.558E-15 5.381E-15 6.181E-15 5.120E-15 3.400E-15 1.700E-15
 2.285E-16 5.837E-17 8.216E-17 1.309E-16 2.021E-16 4.842E-16 1.369E-15 2.423E-15
 3.072E-15 4.079E-15 4.971E-15 5.313E-15 5.211E-15 4.917E-15 5.042E-15 5.155E-15
 4.410E-15 3.603E-15 3.040E-15 2.552E-15 2.140E-15 1.703E-15 1.158E-15 5.597E-16
 8.727E-17 5.724E-20 0.000E+00 0.000E+00 0.000E+00 0.000E+00 0.000E+00 0.000E+00
 0.000E+00 0.000E+00 0.000E+00 0.000E+00 0.000E+00 0.000E+00 0.000E+00 0.000E+00
 0.000E+00 0.000E+00 0.000E+00 0.000E+00 0.000E+00 0.000E+00 0.000E+00 0.000E+00
 0.000E+00 0.000E+00 0.000E+00 0.000E+00 0.000E+00 0.000E+00 0.000E+00 0.000E+00
 0.000E+00 0.000E+00 0.000E+00 0.000E+00 0.000E+00 0.000E+00 0.000E+00 0.000E+00
 0.000E+00 0.000E+00 0.000E+00 0.000E+00 0.000E+00 0.000E+00 0.000E+00 0.000E+00
 0.000E+00 0.000E+00 0.000E+00 0.000E+00 0.000E+00 0.000E+00 0.000E+00 0.000E+00
 0.000E+00 0.000E+00 0.000E+00 0.000E+00 0.000E+00 0.000E+00 0.000E+00 0.000E+00
 0.000E+00 0.000E+00 0.000E+00 0.000E+00
                                   Total (all groups):  9.004E-14 neutrons/sec-cm**3   .
                               Average Neutron Energy:  1.639E+00 MeV.


 (a,n) neutrons/sec-cc from  4.57180E+12 at/cc  u235  alphas on si 29  in target
 3.067E-16 2.671E-16 1.475E-16 5.331E-17 1.678E-17 1.979E-17 2.402E-17 2.977E-17
 4.024E-17 5.605E-17 7.893E-17 1.258E-16 1.942E-16 4.652E-16 1.316E-15 2.328E-15
 2.951E-15 3.913E-15 4.717E-15 4.735E-15 4.132E-15 3.277E-15 2.650E-15 2.171E-15
 1.365E-15 6.201E-16 1.410E-16 3.786E-17 4.897E-18 0.000E+00 0.000E+00 0.000E+00
 0.000E+00 0.000E+00 0.000E+00 0.000E+00 0.000E+00 0.000E+00 0.000E+00 0.000E+00
 0.000E+00 0.000E+00 0.000E+00 0.000E+00 0.000E+00 0.000E+00 0.000E+00 0.000E+00
 0.000E+00 0.000E+00 0.000E+00 0.000E+00 0.000E+00 0.000E+00 0.000E+00 0.000E+00
 0.000E+00 0.000E+00 0.000E+00 0.000E+00 0.000E+00 0.000E+00 0.000E+00 0.000E+00
 0.000E+00 0.000E+00 0.000E+00 0.000E+00 0.000E+00 0.000E+00 0.000E+00 0.000E+00
 0.000E+00 0.000E+00 0.000E+00 0.000E+00 0.000E+00 0.000E+00 0.000E+00 0.000E+00
 0.000E+00 0.000E+00 0.000E+00 0.000E+00 0.000E+00 0.000E+00 0.000E+00 0.000E+00
 0.000E+00 0.000E+00 0.000E+00 0.000E+00 0.000E+00 0.000E+00 0.000E+00 0.000E+00
 0.000E+00 0.000E+00 0.000E+00 0.000E+00
                                   Total (all groups):  3.618E-14 neutrons/sec-cm**3   .
                               Average Neutron Energy:  1.894E+00 MeV.



 Total (alpha,n) neutron spectrum this target
 2.182E-15 6.060E-15 1.037E-14 1.613E-14 2.027E-14 2.209E-14 2.182E-14 2.162E-14
 2.239E-14 2.521E-14 2.305E-14 2.120E-14 1.803E-14 1.547E-14 1.414E-14 1.386E-14
 1.396E-14 1.695E-14 1.908E-14 1.980E-14 1.890E-14 1.724E-14 1.715E-14 1.739E-14
 1.546E-14 1.382E-14 1.299E-14 1.298E-14 1.332E-14 1.299E-14 1.170E-14 1.008E-14
 8.387E-15 7.535E-15 6.432E-15 5.458E-15 4.456E-15 3.399E-15 2.181E-15 1.008E-15
 5.480E-16 3.017E-16 2.977E-17 9.004E-20 1.995E-20 0.000E+00 0.000E+00 0.000E+00
 0.000E+00 0.000E+00 0.000E+00 0.000E+00 0.000E+00 0.000E+00 0.000E+00 0.000E+00
 0.000E+00 0.000E+00 0.000E+00 0.000E+00 0.000E+00 0.000E+00 0.000E+00 0.000E+00
 0.000E+00 0.000E+00 0.000E+00 0.000E+00 0.000E+00 0.000E+00 0.000E+00 0.000E+00
 0.000E+00 0.000E+00 0.000E+00 0.000E+00 0.000E+00 0.000E+00 0.000E+00 0.000E+00
 0.000E+00 0.000E+00 0.000E+00 0.000E+00 0.000E+00 0.000E+00 0.000E+00 0.000E+00
 0.000E+00 0.000E+00 0.000E+00 0.000E+00 0.000E+00 0.000E+00 0.000E+00 0.000E+00
 0.000E+00 0.000E+00 0.000E+00 0.000E+00
                                   Total (all groups):  5.574E-13 neutrons/sec-cm**3   .
                               Average Neutron Energy:  1.697E+00 MeV.
 

--------------------------------------------------------------------------------
 


 (a,n) neutrons/sec-cc from  9.55962E-07 at/cc at219  alphas on si 30  in target
 2.143E-19 2.587E-19 2.132E-19 3.495E-19 5.159E-19 7.246E-19 8.481E-19 9.075E-19
 9.000E-19 8.436E-19 9.210E-19 9.393E-19 9.688E-19 1.026E-18 1.110E-18 1.162E-18
 1.135E-18 9.235E-19 8.280E-19 6.847E-19 5.404E-19 3.871E-19 2.417E-19 1.272E-19
 2.114E-21 0.000E+00 0.000E+00 0.000E+00 0.000E+00 0.000E+00 0.000E+00 0.000E+00
 0.000E+00 0.000E+00 0.000E+00 0.000E+00 0.000E+00 0.000E+00 0.000E+00 0.000E+00
 0.000E+00 0.000E+00 0.000E+00 0.000E+00 0.000E+00 0.000E+00 0.000E+00 0.000E+00
 0.000E+00 0.000E+00 0.000E+00 0.000E+00 0.000E+00 0.000E+00 0.000E+00 0.000E+00
 0.000E+00 0.000E+00 0.000E+00 0.000E+00 0.000E+00 0.000E+00 0.000E+00 0.000E+00
 0.000E+00 0.000E+00 0.000E+00 0.000E+00 0.000E+00 0.000E+00 0.000E+00 0.000E+00
 0.000E+00 0.000E+00 0.000E+00 0.000E+00 0.000E+00 0.000E+00 0.000E+00 0.000E+00
 0.000E+00 0.000E+00 0.000E+00 0.000E+00 0.000E+00 0.000E+00 0.000E+00 0.000E+00
 0.000E+00 0.000E+00 0.000E+00 0.000E+00 0.000E+00 0.000E+00 0.000E+00 0.000E+00
 0.000E+00 0.000E+00 0.000E+00 0.000E+00
                                   Total (all groups):  1.677E-17 neutrons/sec-cm**3   .
                               Average Neutron Energy:  1.243E+00 MeV.


 (a,n) neutrons/sec-cc from  3.75558E-03 at/cc fr223  alphas on si 30  in target
 9.331E-22 1.613E-21 1.329E-21 1.787E-21 2.490E-21 3.509E-21 4.091E-21 4.443E-21
 4.357E-21 3.646E-21 2.972E-21 2.139E-21 1.385E-21 7.471E-22 1.915E-22 0.000E+00
 0.000E+00 0.000E+00 0.000E+00 0.000E+00 0.000E+00 0.000E+00 0.000E+00 0.000E+00
 0.000E+00 0.000E+00 0.000E+00 0.000E+00 0.000E+00 0.000E+00 0.000E+00 0.000E+00
 0.000E+00 0.000E+00 0.000E+00 0.000E+00 0.000E+00 0.000E+00 0.000E+00 0.000E+00
 0.000E+00 0.000E+00 0.000E+00 0.000E+00 0.000E+00 0.000E+00 0.000E+00 0.000E+00
 0.000E+00 0.000E+00 0.000E+00 0.000E+00 0.000E+00 0.000E+00 0.000E+00 0.000E+00
 0.000E+00 0.000E+00 0.000E+00 0.000E+00 0.000E+00 0.000E+00 0.000E+00 0.000E+00
 0.000E+00 0.000E+00 0.000E+00 0.000E+00 0.000E+00 0.000E+00 0.000E+00 0.000E+00
 0.000E+00 0.000E+00 0.000E+00 0.000E+00 0.000E+00 0.000E+00 0.000E+00 0.000E+00
 0.000E+00 0.000E+00 0.000E+00 0.000E+00 0.000E+00 0.000E+00 0.000E+00 0.000E+00
 0.000E+00 0.000E+00 0.000E+00 0.000E+00 0.000E+00 0.000E+00 0.000E+00 0.000E+00
 0.000E+00 0.000E+00 0.000E+00 0.000E+00
                                   Total (all groups):  3.563E-20 neutrons/sec-cm**3   .
                               Average Neutron Energy:  7.310E-01 MeV.


 (a,n) neutrons/sec-cc from  2.03200E+02 at/cc ra223  alphas on si 30  in target
 1.671E-15 2.889E-15 2.553E-15 4.154E-15 6.005E-15 7.902E-15 8.670E-15 8.681E-15
 8.033E-15 7.311E-15 8.615E-15 8.895E-15 7.951E-15 6.822E-15 5.826E-15 4.807E-15
 3.350E-15 1.011E-15 2.827E-16 1.593E-17 4.738E-19 0.000E+00 0.000E+00 0.000E+00
 0.000E+00 0.000E+00 0.000E+00 0.000E+00 0.000E+00 0.000E+00 0.000E+00 0.000E+00
 0.000E+00 0.000E+00 0.000E+00 0.000E+00 0.000E+00 0.000E+00 0.000E+00 0.000E+00
 0.000E+00 0.000E+00 0.000E+00 0.000E+00 0.000E+00 0.000E+00 0.000E+00 0.000E+00
 0.000E+00 0.000E+00 0.000E+00 0.000E+00 0.000E+00 0.000E+00 0.000E+00 0.000E+00
 0.000E+00 0.000E+00 0.000E+00 0.000E+00 0.000E+00 0.000E+00 0.000E+00 0.000E+00
 0.000E+00 0.000E+00 0.000E+00 0.000E+00 0.000E+00 0.000E+00 0.000E+00 0.000E+00
 0.000E+00 0.000E+00 0.000E+00 0.000E+00 0.000E+00 0.000E+00 0.000E+00 0.000E+00
 0.000E+00 0.000E+00 0.000E+00 0.000E+00 0.000E+00 0.000E+00 0.000E+00 0.000E+00
 0.000E+00 0.000E+00 0.000E+00 0.000E+00 0.000E+00 0.000E+00 0.000E+00 0.000E+00
 0.000E+00 0.000E+00 0.000E+00 0.000E+00
                                   Total (all groups):  1.054E-13 neutrons/sec-cm**3   .
                               Average Neutron Energy:  9.270E-01 MeV.


 (a,n) neutrons/sec-cc from  1.41548E+05 at/cc ac227  alphas on si 30  in target
 1.925E-17 3.068E-17 2.281E-17 3.794E-17 5.811E-17 8.611E-17 9.154E-17 7.435E-17
 5.376E-17 2.685E-17 1.132E-17 2.091E-20 0.000E+00 0.000E+00 0.000E+00 0.000E+00
 0.000E+00 0.000E+00 0.000E+00 0.000E+00 0.000E+00 0.000E+00 0.000E+00 0.000E+00
 0.000E+00 0.000E+00 0.000E+00 0.000E+00 0.000E+00 0.000E+00 0.000E+00 0.000E+00
 0.000E+00 0.000E+00 0.000E+00 0.000E+00 0.000E+00 0.000E+00 0.000E+00 0.000E+00
 0.000E+00 0.000E+00 0.000E+00 0.000E+00 0.000E+00 0.000E+00 0.000E+00 0.000E+00
 0.000E+00 0.000E+00 0.000E+00 0.000E+00 0.000E+00 0.000E+00 0.000E+00 0.000E+00
 0.000E+00 0.000E+00 0.000E+00 0.000E+00 0.000E+00 0.000E+00 0.000E+00 0.000E+00
 0.000E+00 0.000E+00 0.000E+00 0.000E+00 0.000E+00 0.000E+00 0.000E+00 0.000E+00
 0.000E+00 0.000E+00 0.000E+00 0.000E+00 0.000E+00 0.000E+00 0.000E+00 0.000E+00
 0.000E+00 0.000E+00 0.000E+00 0.000E+00 0.000E+00 0.000E+00 0.000E+00 0.000E+00
 0.000E+00 0.000E+00 0.000E+00 0.000E+00 0.000E+00 0.000E+00 0.000E+00 0.000E+00
 0.000E+00 0.000E+00 0.000E+00 0.000E+00
                                   Total (all groups):  5.127E-16 neutrons/sec-cm**3   .
                               Average Neutron Energy:  5.779E-01 MeV.


 (a,n) neutrons/sec-cc from  3.29118E+02 at/cc th227  alphas on si 30  in target
 1.268E-15 2.192E-15 1.938E-15 3.176E-15 4.678E-15 6.377E-15 7.180E-15 7.282E-15
 6.741E-15 6.083E-15 6.959E-15 7.313E-15 7.262E-15 7.094E-15 6.789E-15 6.025E-15
 4.895E-15 2.973E-15 2.142E-15 1.289E-15 7.194E-16 1.886E-16 0.000E+00 0.000E+00
 0.000E+00 0.000E+00 0.000E+00 0.000E+00 0.000E+00 0.000E+00 0.000E+00 0.000E+00
 0.000E+00 0.000E+00 0.000E+00 0.000E+00 0.000E+00 0.000E+00 0.000E+00 0.000E+00
 0.000E+00 0.000E+00 0.000E+00 0.000E+00 0.000E+00 0.000E+00 0.000E+00 0.000E+00
 0.000E+00 0.000E+00 0.000E+00 0.000E+00 0.000E+00 0.000E+00 0.000E+00 0.000E+00
 0.000E+00 0.000E+00 0.000E+00 0.000E+00 0.000E+00 0.000E+00 0.000E+00 0.000E+00
 0.000E+00 0.000E+00 0.000E+00 0.000E+00 0.000E+00 0.000E+00 0.000E+00 0.000E+00
 0.000E+00 0.000E+00 0.000E+00 0.000E+00 0.000E+00 0.000E+00 0.000E+00 0.000E+00
 0.000E+00 0.000E+00 0.000E+00 0.000E+00 0.000E+00 0.000E+00 0.000E+00 0.000E+00
 0.000E+00 0.000E+00 0.000E+00 0.000E+00 0.000E+00 0.000E+00 0.000E+00 0.000E+00
 0.000E+00 0.000E+00 0.000E+00 0.000E+00
                                   Total (all groups):  1.006E-13 neutrons/sec-cm**3   .
                               Average Neutron Energy:  1.038E+00 MeV.


 (a,n) neutrons/sec-cc from  2.12652E+08 at/cc pa231  alphas on si 30  in target
 1.435E-15 2.204E-15 1.596E-15 2.651E-15 4.035E-15 5.854E-15 6.483E-15 5.607E-15
 4.181E-15 2.410E-15 1.388E-15 2.874E-16 3.293E-18 0.000E+00 0.000E+00 0.000E+00
 0.000E+00 0.000E+00 0.000E+00 0.000E+00 0.000E+00 0.000E+00 0.000E+00 0.000E+00
 0.000E+00 0.000E+00 0.000E+00 0.000E+00 0.000E+00 0.000E+00 0.000E+00 0.000E+00
 0.000E+00 0.000E+00 0.000E+00 0.000E+00 0.000E+00 0.000E+00 0.000E+00 0.000E+00
 0.000E+00 0.000E+00 0.000E+00 0.000E+00 0.000E+00 0.000E+00 0.000E+00 0.000E+00
 0.000E+00 0.000E+00 0.000E+00 0.000E+00 0.000E+00 0.000E+00 0.000E+00 0.000E+00
 0.000E+00 0.000E+00 0.000E+00 0.000E+00 0.000E+00 0.000E+00 0.000E+00 0.000E+00
 0.000E+00 0.000E+00 0.000E+00 0.000E+00 0.000E+00 0.000E+00 0.000E+00 0.000E+00
 0.000E+00 0.000E+00 0.000E+00 0.000E+00 0.000E+00 0.000E+00 0.000E+00 0.000E+00
 0.000E+00 0.000E+00 0.000E+00 0.000E+00 0.000E+00 0.000E+00 0.000E+00 0.000E+00
 0.000E+00 0.000E+00 0.000E+00 0.000E+00 0.000E+00 0.000E+00 0.000E+00 0.000E+00
 0.000E+00 0.000E+00 0.000E+00 0.000E+00
                                   Total (all groups):  3.813E-14 neutrons/sec-cm**3   .
                               Average Neutron Energy:  5.981E-01 MeV.


 (a,n) neutrons/sec-cc from  4.57180E+12 at/cc  u235  alphas on si 30  in target
 1.274E-15 2.027E-15 1.358E-15 9.667E-16 4.274E-16 2.247E-16 1.074E-16 7.164E-18
 0.000E+00 0.000E+00 0.000E+00 0.000E+00 0.000E+00 0.000E+00 0.000E+00 0.000E+00
 0.000E+00 0.000E+00 0.000E+00 0.000E+00 0.000E+00 0.000E+00 0.000E+00 0.000E+00
 0.000E+00 0.000E+00 0.000E+00 0.000E+00 0.000E+00 0.000E+00 0.000E+00 0.000E+00
 0.000E+00 0.000E+00 0.000E+00 0.000E+00 0.000E+00 0.000E+00 0.000E+00 0.000E+00
 0.000E+00 0.000E+00 0.000E+00 0.000E+00 0.000E+00 0.000E+00 0.000E+00 0.000E+00
 0.000E+00 0.000E+00 0.000E+00 0.000E+00 0.000E+00 0.000E+00 0.000E+00 0.000E+00
 0.000E+00 0.000E+00 0.000E+00 0.000E+00 0.000E+00 0.000E+00 0.000E+00 0.000E+00
 0.000E+00 0.000E+00 0.000E+00 0.000E+00 0.000E+00 0.000E+00 0.000E+00 0.000E+00
 0.000E+00 0.000E+00 0.000E+00 0.000E+00 0.000E+00 0.000E+00 0.000E+00 0.000E+00
 0.000E+00 0.000E+00 0.000E+00 0.000E+00 0.000E+00 0.000E+00 0.000E+00 0.000E+00
 0.000E+00 0.000E+00 0.000E+00 0.000E+00 0.000E+00 0.000E+00 0.000E+00 0.000E+00
 0.000E+00 0.000E+00 0.000E+00 0.000E+00
                                   Total (all groups):  6.392E-15 neutrons/sec-cm**3   .
                               Average Neutron Energy:  2.241E-01 MeV.



 Total (alpha,n) neutron spectrum this target
 5.667E-15 9.342E-15 7.467E-15 1.098E-14 1.520E-14 2.044E-14 2.253E-14 2.165E-14
 1.901E-14 1.583E-14 1.697E-14 1.650E-14 1.522E-14 1.392E-14 1.262E-14 1.083E-14
 8.246E-15 3.985E-15 2.426E-15 1.305E-15 7.204E-16 1.890E-16 2.417E-19 1.272E-19
 2.114E-21 0.000E+00 0.000E+00 0.000E+00 0.000E+00 0.000E+00 0.000E+00 0.000E+00
 0.000E+00 0.000E+00 0.000E+00 0.000E+00 0.000E+00 0.000E+00 0.000E+00 0.000E+00
 0.000E+00 0.000E+00 0.000E+00 0.000E+00 0.000E+00 0.000E+00 0.000E+00 0.000E+00
 0.000E+00 0.000E+00 0.000E+00 0.000E+00 0.000E+00 0.000E+00 0.000E+00 0.000E+00
 0.000E+00 0.000E+00 0.000E+00 0.000E+00 0.000E+00 0.000E+00 0.000E+00 0.000E+00
 0.000E+00 0.000E+00 0.000E+00 0.000E+00 0.000E+00 0.000E+00 0.000E+00 0.000E+00
 0.000E+00 0.000E+00 0.000E+00 0.000E+00 0.000E+00 0.000E+00 0.000E+00 0.000E+00
 0.000E+00 0.000E+00 0.000E+00 0.000E+00 0.000E+00 0.000E+00 0.000E+00 0.000E+00
 0.000E+00 0.000E+00 0.000E+00 0.000E+00 0.000E+00 0.000E+00 0.000E+00 0.000E+00
 0.000E+00 0.000E+00 0.000E+00 0.000E+00
                                   Total (all groups):  2.511E-13 neutrons/sec-cm**3   .
                               Average Neutron Energy:  9.031E-01 MeV.
 

--------------------------------------------------------------------------------
 

--------------------------------------------------------------------------------



 Grand total (alpha,n) neutron spectrum, all targets, all sources
 3.260E-14 7.276E-14 9.553E-14 1.186E-13 1.380E-13 1.528E-13 1.588E-13 1.594E-13
 1.569E-13 1.553E-13 1.528E-13 1.479E-13 1.427E-13 1.365E-13 1.300E-13 1.231E-13
 1.147E-13 1.072E-13 1.023E-13 9.527E-14 8.805E-14 8.175E-14 7.752E-14 7.284E-14
 6.724E-14 6.199E-14 5.677E-14 5.312E-14 5.074E-14 4.712E-14 4.241E-14 3.837E-14
 3.410E-14 2.998E-14 2.610E-14 2.319E-14 2.027E-14 1.767E-14 1.521E-14 1.265E-14
 1.094E-14 9.518E-15 7.984E-15 6.963E-15 6.171E-15 5.423E-15 4.820E-15 4.451E-15
 4.188E-15 3.852E-15 3.527E-15 3.208E-15 2.906E-15 2.600E-15 2.302E-15 2.024E-15
 1.806E-15 1.626E-15 1.490E-15 1.376E-15 1.253E-15 1.128E-15 1.003E-15 8.900E-16
 8.088E-16 7.578E-16 7.015E-16 6.453E-16 5.982E-16 5.484E-16 5.023E-16 4.563E-16
 4.088E-16 3.604E-16 3.105E-16 2.624E-16 2.236E-16 1.880E-16 1.523E-16 1.161E-16
 8.031E-17 4.725E-17 2.182E-17 1.185E-17 5.445E-18 6.180E-19 2.033E-21 4.760E-22
 0.000E+00 0.000E+00 0.000E+00 0.000E+00 0.000E+00 0.000E+00 0.000E+00 0.000E+00
 0.000E+00 0.000E+00 0.000E+00 0.000E+00
                                   Total (all groups):  3.509E-12 neutrons/sec-cm**3   .
                               Average Neutron Energy:  1.574E+00 MeV.
 

--------------------------------------------------------------------------------

--------------------------------------------------------------------------------
 


 S.F. neutrons/cc from  2.12652E+08 at/cc pa231 
 5.726E-19 9.982E-19 1.226E-18 1.374E-18 1.473E-18 1.536E-18 1.572E-18 1.588E-18
 1.588E-18 1.574E-18 1.550E-18 1.518E-18 1.480E-18 1.436E-18 1.388E-18 1.338E-18
 1.285E-18 1.232E-18 1.177E-18 1.123E-18 1.069E-18 1.016E-18 9.632E-19 9.121E-19
 8.623E-19 8.141E-19 7.676E-19 7.228E-19 6.798E-19 6.387E-19 5.994E-19 5.620E-19
 5.263E-19 4.925E-19 4.605E-19 4.302E-19 4.015E-19 3.745E-19 3.490E-19 3.251E-19
 3.025E-19 2.814E-19 2.616E-19 2.430E-19 2.256E-19 2.093E-19 1.941E-19 1.799E-19
 1.666E-19 1.543E-19 1.428E-19 1.321E-19 1.221E-19 1.129E-19 1.043E-19 9.627E-20
 8.886E-20 8.199E-20 7.562E-20 6.971E-20 6.425E-20 5.919E-20 5.451E-20 5.018E-20
 4.619E-20 4.249E-20 3.908E-20 3.593E-20 3.303E-20 3.035E-20 2.788E-20 2.560E-20
 2.351E-20 2.157E-20 1.980E-20 1.816E-20 1.666E-20 1.527E-20 1.400E-20 1.283E-20
 1.175E-20 1.077E-20 9.861E-21 9.027E-21 8.264E-21 7.563E-21 6.920E-21 6.331E-21
 5.789E-21 5.295E-21 4.841E-21 4.424E-21 4.043E-21 3.695E-21 3.375E-21 3.083E-21
 2.815E-21 2.571E-21 2.346E-21 2.141E-21
                                   Total (all groups):  4.401E-17 neutrons/sec-cm**3   .
                               Average Neutron Energy:  1.925E+00 MeV.


 S.F. neutrons/cc from  4.57180E+12 at/cc  u235 
 2.459E-16 4.289E-16 5.270E-16 5.907E-16 6.330E-16 6.600E-16 6.755E-16 6.820E-16
 6.814E-16 6.751E-16 6.643E-16 6.499E-16 6.327E-16 6.133E-16 5.922E-16 5.700E-16
 5.469E-16 5.234E-16 4.996E-16 4.758E-16 4.522E-16 4.289E-16 4.061E-16 3.839E-16
 3.624E-16 3.415E-16 3.214E-16 3.021E-16 2.836E-16 2.659E-16 2.491E-16 2.331E-16
 2.179E-16 2.035E-16 1.899E-16 1.770E-16 1.649E-16 1.534E-16 1.427E-16 1.326E-16
 1.232E-16 1.143E-16 1.060E-16 9.825E-17 9.101E-17 8.425E-17 7.795E-17 7.209E-17
 6.662E-17 6.154E-17 5.682E-17 5.244E-17 4.837E-17 4.460E-17 4.110E-17 3.786E-17
 3.486E-17 3.208E-17 2.952E-17 2.715E-17 2.496E-17 2.294E-17 2.107E-17 1.935E-17
 1.776E-17 1.630E-17 1.495E-17 1.372E-17 1.257E-17 1.153E-17 1.056E-17 9.673E-18
 8.858E-18 8.109E-18 7.422E-18 6.791E-18 6.212E-18 5.681E-18 5.193E-18 4.747E-18
 4.338E-18 3.963E-18 3.620E-18 3.305E-18 3.018E-18 2.754E-18 2.513E-18 2.293E-18
 2.091E-18 1.908E-18 1.739E-18 1.586E-18 1.445E-18 1.317E-18 1.199E-18 1.093E-18
 9.952E-19 9.060E-19 8.248E-19 7.509E-19
                                   Total (all groups):  1.857E-14 neutrons/sec-cm**3   .
                               Average Neutron Energy:  1.890E+00 MeV.

--------------------------------------------------------------------------------



 Total S.F. neutron spectrum
 2.464E-16 4.299E-16 5.282E-16 5.921E-16 6.345E-16 6.615E-16 6.770E-16 6.836E-16
 6.829E-16 6.767E-16 6.658E-16 6.514E-16 6.342E-16 6.147E-16 5.936E-16 5.713E-16
 5.482E-16 5.246E-16 5.007E-16 4.769E-16 4.533E-16 4.299E-16 4.071E-16 3.848E-16
 3.632E-16 3.423E-16 3.222E-16 3.028E-16 2.843E-16 2.666E-16 2.497E-16 2.336E-16
 2.184E-16 2.040E-16 1.903E-16 1.774E-16 1.653E-16 1.538E-16 1.430E-16 1.329E-16
 1.235E-16 1.146E-16 1.063E-16 9.849E-17 9.124E-17 8.446E-17 7.815E-17 7.226E-17
 6.679E-17 6.170E-17 5.696E-17 5.257E-17 4.849E-17 4.471E-17 4.120E-17 3.795E-17
 3.495E-17 3.217E-17 2.960E-17 2.722E-17 2.502E-17 2.300E-17 2.113E-17 1.940E-17
 1.781E-17 1.634E-17 1.499E-17 1.375E-17 1.261E-17 1.156E-17 1.059E-17 9.698E-18
 8.882E-18 8.131E-18 7.442E-18 6.809E-18 6.229E-18 5.696E-18 5.207E-18 4.760E-18
 4.349E-18 3.974E-18 3.629E-18 3.314E-18 3.026E-18 2.762E-18 2.520E-18 2.300E-18
 2.097E-18 1.913E-18 1.744E-18 1.590E-18 1.449E-18 1.321E-18 1.203E-18 1.096E-18
 9.981E-19 9.085E-19 8.272E-19 7.531E-19
                                   Total (all groups):  1.861E-14 neutrons/sec-cm**3   .
                               Average Neutron Energy:  1.890E+00 MeV.
 

--------------------------------------------------------------------------------
 
 

--------------------------------------------------------------------------------




 Total Neutron Spectrum
 3.285E-14 7.319E-14 9.606E-14 1.192E-13 1.387E-13 1.534E-13 1.594E-13 1.601E-13
 1.575E-13 1.560E-13 1.534E-13 1.485E-13 1.433E-13 1.371E-13 1.306E-13 1.236E-13
 1.153E-13 1.077E-13 1.028E-13 9.574E-14 8.850E-14 8.218E-14 7.792E-14 7.323E-14
 6.761E-14 6.233E-14 5.709E-14 5.343E-14 5.102E-14 4.739E-14 4.265E-14 3.860E-14
 3.432E-14 3.018E-14 2.630E-14 2.337E-14 2.043E-14 1.782E-14 1.535E-14 1.278E-14
 1.106E-14 9.633E-15 8.090E-15 7.062E-15 6.262E-15 5.507E-15 4.898E-15 4.523E-15
 4.255E-15 3.914E-15 3.584E-15 3.261E-15 2.954E-15 2.644E-15 2.343E-15 2.062E-15
 1.841E-15 1.658E-15 1.519E-15 1.403E-15 1.278E-15 1.151E-15 1.024E-15 9.094E-16
 8.266E-16 7.742E-16 7.165E-16 6.591E-16 6.108E-16 5.600E-16 5.129E-16 4.660E-16
 4.177E-16 3.685E-16 3.179E-16 2.692E-16 2.299E-16 1.937E-16 1.575E-16 1.209E-16
 8.466E-17 5.122E-17 2.545E-17 1.516E-17 8.471E-18 3.380E-18 2.522E-18 2.300E-18
 2.097E-18 1.913E-18 1.744E-18 1.590E-18 1.449E-18 1.321E-18 1.203E-18 1.096E-18
 9.981E-19 9.085E-19 8.272E-19 7.531E-19
                                   Total (all groups):  3.527E-12 neutrons/sec-cm**3   .
                               Average Neutron Energy:  1.576E+00 MeV.
 9.310E-03 2.074E-02 2.723E-02 3.379E-02 3.930E-02 4.349E-02 4.519E-02 4.537E-02
 4.465E-02 4.422E-02 4.349E-02 4.210E-02 4.063E-02 3.887E-02 3.701E-02 3.505E-02
 3.267E-02 3.053E-02 2.915E-02 2.714E-02 2.509E-02 2.329E-02 2.209E-02 2.076E-02
 1.916E-02 1.767E-02 1.618E-02 1.514E-02 1.446E-02 1.343E-02 1.209E-02 1.094E-02
 9.728E-03 8.554E-03 7.453E-03 6.624E-03 5.792E-03 5.051E-03 4.351E-03 3.623E-03
 3.136E-03 2.730E-03 2.293E-03 2.002E-03 1.775E-03 1.561E-03 1.388E-03 1.282E-03
 1.206E-03 1.109E-03 1.016E-03 9.243E-04 8.373E-04 7.495E-04 6.641E-04 5.846E-04
 5.217E-04 4.701E-04 4.306E-04 3.977E-04 3.622E-04 3.263E-04 2.903E-04 2.578E-04
 2.343E-04 2.194E-04 2.031E-04 1.868E-04 1.731E-04 1.587E-04 1.454E-04 1.321E-04
 1.184E-04 1.045E-04 9.012E-05 7.631E-05 6.515E-05 5.489E-05 4.463E-05 3.427E-05
 2.400E-05 1.452E-05 7.213E-06 4.297E-06 2.401E-06 9.581E-07 7.149E-07 6.519E-07
 5.944E-07 5.422E-07 4.943E-07 4.507E-07 4.107E-07 3.743E-07 3.409E-07 3.106E-07
 2.829E-07 2.575E-07 2.345E-07 2.135E-07
