SOURCES 4C Calculation
<<<<<<<<<<<>>>>>>>>>>>



                          Neutron Source Magnitudes
                          ~~~~~~~~~~~~~~~~~~~~~~~~~

Title: Bulk Shotcrete problem: N. Abgrall et al., Nucl. Instr. and Meth. A 828 (2016


1                              Table I
                               =======

            (alpha,n) Neutron Production by Target Per Source Alpha


                 target    alpha   alpha   alphas/sec     p(e)     neuts/sec
       target  atom frac.  source  energy  /cm**3      neut/alpha  /cm**3   
+      ______  __________  ______  ______  __________  __________  __________
        c 13   3.2900E-07  at219    6.273  1.1903E-08  4.2186E-12  5.0212E-20
 
        c 13   3.2900E-07  fr223    5.333  7.9608E-11  1.8655E-12  1.4850E-22
 
        c 13   3.2900E-07  ra223    5.284  1.4257E-07  1.7693E-12  2.5224E-19
                                    5.288  1.8534E-07  1.7774E-12  3.2942E-19
                                    5.340  1.4257E-07  1.8840E-12  2.6859E-19
                                    5.366  1.5682E-07  1.9490E-12  3.0564E-19
                                    5.435  3.2790E-06  2.0803E-12  6.8213E-18
                                    5.503  1.4257E-06  2.2261E-12  3.1737E-18
                                    5.540  1.2973E-05  2.3090E-12  2.9956E-17
                                    5.607  3.4216E-05  2.4634E-12  8.4288E-17
                                    5.716  7.5403E-05  2.7205E-12  2.0513E-16
                                    5.747  1.2973E-05  2.7965E-12  3.6280E-17
                                    5.858  4.5621E-07  3.0714E-12  1.4012E-18
                                    5.872  1.2118E-06  3.1074E-12  3.7656E-18
+                                                                  __________
                                                       Total:      3.7198E-16

        c 13   3.2900E-07  ac227    4.715  6.1438E-09  1.1280E-12  6.9301E-21
                                    4.770  2.7747E-08  1.1507E-12  3.1927E-20
                                    4.797  1.6053E-08  1.1613E-12  1.8642E-20
                                    4.856  7.3330E-08  1.1832E-12  8.6762E-20
                                    4.873  1.2089E-07  1.1893E-12  1.4378E-19
                                    4.901  2.1801E-09  1.1999E-12  2.6159E-21
                                    4.942  7.9274E-07  1.2207E-12  9.6766E-19
                                    4.954  9.3148E-07  1.2305E-12  1.1462E-18
+                                                                  __________
                                                       Total:      2.4045E-18

        c 13   3.2900E-07  th227    5.586  2.5658E-07  2.4148E-12  6.1959E-19
                                    5.602  2.4233E-07  2.4514E-12  5.9405E-19
                                    5.614  3.1360E-07  2.4780E-12  7.7709E-19
                                    5.669  2.9935E-06  2.6069E-12  7.8037E-18
                                    5.694  2.1382E-06  2.6674E-12  5.7034E-18
                                    5.702  5.1316E-06  2.6858E-12  1.3782E-17
                                    5.710  1.1689E-05  2.7050E-12  3.1619E-17
                                    5.714  6.9847E-06  2.7159E-12  1.8970E-17
                                    5.757  2.8509E-05  2.8204E-12  8.0407E-17
                                    5.763  3.2786E-07  2.8347E-12  9.2937E-19
                                    5.795  4.4189E-07  2.9142E-12  1.2878E-18
                                    5.808  1.8531E-06  2.9451E-12  5.4578E-18
                                    5.867  3.4211E-06  3.0943E-12  1.0586E-17
                                    5.910  2.4233E-07  3.2065E-12  7.7703E-19
                                    5.917  1.1119E-06  3.2228E-12  3.5833E-18
                                    5.978  4.2763E-06  3.3833E-12  1.4468E-17
                                    5.989  2.8213E-09  3.4144E-12  9.6329E-21
                                    6.009  4.0908E-06  3.4663E-12  1.4180E-17
                                    6.038  3.4137E-05  3.5451E-12  1.2102E-16
+                                                                  __________
                                                       Total:      3.3257E-16

        c 13   3.2900E-07  pa231    4.410  1.4258E-09  1.0228E-12  1.4583E-21
                                    4.508  4.2774E-09  1.0616E-12  4.5407E-21
                                    4.566  1.1406E-08  1.0684E-12  1.2187E-20
                                    4.599  2.1387E-08  1.0831E-12  2.3165E-20
                                    4.632  1.4258E-07  1.1015E-12  1.5705E-19
                                    4.643  1.4258E-07  1.1047E-12  1.5751E-19
                                    4.681  2.1387E-06  1.1158E-12  2.3863E-18
                                    4.713  1.4258E-06  1.1272E-12  1.6071E-18
                                    4.736  1.1977E-05  1.1366E-12  1.3613E-17
                                    4.795  5.7032E-08  1.1606E-12  6.6192E-20
                                    4.853  1.9961E-06  1.1823E-12  2.3599E-18
                                    4.900  2.8516E-09  1.1996E-12  3.4207E-21
                                    4.934  4.2774E-06  1.2158E-12  5.2006E-18
                                    4.951  3.2508E-05  1.2282E-12  3.9928E-17
                                    4.975  5.7032E-07  1.2537E-12  7.1498E-19
                                    4.986  1.9961E-06  1.2688E-12  2.5326E-18
                                    5.014  3.6215E-05  1.3161E-12  4.7664E-17
                                    5.028  2.8516E-05  1.3390E-12  3.8184E-17
                                    5.059  1.5684E-05  1.3772E-12  2.1599E-17
+                                                                  __________
                                                       Total:      1.7622E-16

        c 13   3.2900E-07   u235    4.150  1.2841E-06  9.5847E-13  1.2308E-18
                                    4.215  8.1328E-06  9.6535E-13  7.8510E-18
                                    4.271  5.7072E-07  9.7079E-13  5.5405E-19
                                    4.295  1.2841E-08  9.7325E-13  1.2498E-20
                                    4.366  2.4256E-05  9.8546E-13  2.3903E-17
                                    4.398  7.8474E-05  1.0088E-12  7.9162E-17
                                    4.414  2.9963E-06  1.0280E-12  3.0803E-18
                                    4.435  9.9876E-07  1.0473E-12  1.0460E-18
                                    4.502  2.4256E-06  1.0610E-12  2.5734E-18
                                    4.556  5.9926E-06  1.0671E-12  6.3944E-18
                                    4.596  7.1340E-06  1.0809E-12  7.7109E-18
+                                                                  __________
                                                       Total:      1.3352E-16

+                                                                  __________
                                         Total (this target):      1.0167E-15

        o 17   1.0700E-05  at219    6.273  1.1903E-08  2.1784E-10  2.5929E-18
 
        o 17   1.0700E-05  fr223    5.333  7.9608E-11  1.1985E-10  9.5410E-21
 
        o 17   1.0700E-05  ra223    5.284  1.4257E-07  1.1539E-10  1.6451E-17
                                    5.288  1.8534E-07  1.1582E-10  2.1465E-17
                                    5.340  1.4257E-07  1.2046E-10  1.7174E-17
                                    5.366  1.5682E-07  1.2281E-10  1.9259E-17
                                    5.435  3.2790E-06  1.2907E-10  4.2323E-16
                                    5.503  1.4257E-06  1.3540E-10  1.9303E-16
                                    5.540  1.2973E-05  1.3892E-10  1.8023E-15
                                    5.607  3.4216E-05  1.4546E-10  4.9772E-15
                                    5.716  7.5403E-05  1.5629E-10  1.1784E-14
                                    5.747  1.2973E-05  1.5947E-10  2.0689E-15
                                    5.858  4.5621E-07  1.7095E-10  7.7987E-17
                                    5.872  1.2118E-06  1.7244E-10  2.0897E-16
+                                                                  __________
                                                       Total:      2.1610E-14

        o 17   1.0700E-05  ac227    4.715  6.1438E-09  7.5008E-11  4.6083E-19
                                    4.770  2.7747E-08  7.8262E-11  2.1715E-18
                                    4.797  1.6053E-08  7.9600E-11  1.2778E-18
                                    4.856  7.3330E-08  8.2138E-11  6.0232E-18
                                    4.873  1.2089E-07  8.3251E-11  1.0065E-17
                                    4.901  2.1801E-09  8.4764E-11  1.8479E-19
                                    4.942  7.9274E-07  8.6447E-11  6.8530E-17
                                    4.954  9.3148E-07  8.7114E-11  8.1145E-17
+                                                                  __________
                                                       Total:      1.6986E-16

        o 17   1.0700E-05  th227    5.586  2.5658E-07  1.4341E-10  3.6796E-17
                                    5.602  2.4233E-07  1.4496E-10  3.5128E-17
                                    5.614  3.1360E-07  1.4608E-10  4.5810E-17
                                    5.669  2.9935E-06  1.5151E-10  4.5356E-16
                                    5.694  2.1382E-06  1.5406E-10  3.2941E-16
                                    5.702  5.1316E-06  1.5483E-10  7.9453E-16
                                    5.710  1.1689E-05  1.5564E-10  1.8192E-15
                                    5.714  6.9847E-06  1.5609E-10  1.0903E-15
                                    5.757  2.8509E-05  1.6047E-10  4.5749E-15
                                    5.763  3.2786E-07  1.6107E-10  5.2808E-17
                                    5.795  4.4189E-07  1.6439E-10  7.2645E-17
                                    5.808  1.8531E-06  1.6568E-10  3.0704E-16
                                    5.867  3.4211E-06  1.7190E-10  5.8808E-16
                                    5.910  2.4233E-07  1.7656E-10  4.2786E-17
                                    5.917  1.1119E-06  1.7724E-10  1.9706E-16
                                    5.978  4.2763E-06  1.8389E-10  7.8636E-16
                                    5.989  2.8213E-09  1.8517E-10  5.2242E-19
                                    6.009  4.0908E-06  1.8732E-10  7.6629E-16
                                    6.038  3.4137E-05  1.9057E-10  6.5056E-15
+                                                                  __________
                                                       Total:      1.8499E-14

        o 17   1.0700E-05  pa231    4.410  1.4258E-09  6.1381E-11  8.7516E-20
                                    4.508  4.2774E-09  6.4587E-11  2.7626E-19
                                    4.566  1.1406E-08  6.6636E-11  7.6008E-19
                                    4.599  2.1387E-08  6.8523E-11  1.4655E-18
                                    4.632  1.4258E-07  7.0508E-11  1.0053E-17
                                    4.643  1.4258E-07  7.1119E-11  1.0140E-17
                                    4.681  2.1387E-06  7.3101E-11  1.5634E-16
                                    4.713  1.4258E-06  7.4861E-11  1.0674E-16
                                    4.736  1.1977E-05  7.6424E-11  9.1531E-16
                                    4.795  5.7032E-08  7.9520E-11  4.5352E-18
                                    4.853  1.9961E-06  8.1996E-11  1.6367E-16
                                    4.900  2.8516E-09  8.4728E-11  2.4161E-19
                                    4.934  4.2774E-06  8.6100E-11  3.6828E-16
                                    4.951  3.2508E-05  8.6965E-11  2.8271E-15
                                    4.975  5.7032E-07  8.8664E-11  5.0567E-17
                                    4.986  1.9961E-06  8.9735E-11  1.7912E-16
                                    5.014  3.6215E-05  9.2748E-11  3.3589E-15
                                    5.028  2.8516E-05  9.4040E-11  2.6817E-15
                                    5.059  1.5684E-05  9.5799E-11  1.5025E-15
+                                                                  __________
                                                       Total:      1.2338E-14

        o 17   1.0700E-05   u235    4.150  1.2841E-06  4.9622E-11  6.3720E-17
                                    4.215  8.1328E-06  5.3621E-11  4.3609E-16
                                    4.271  5.7072E-07  5.5817E-11  3.1856E-17
                                    4.295  1.2841E-08  5.6719E-11  7.2834E-19
                                    4.366  2.4256E-05  5.9924E-11  1.4535E-15
                                    4.398  7.8474E-05  6.1006E-11  4.7874E-15
                                    4.414  2.9963E-06  6.1516E-11  1.8432E-16
                                    4.435  9.9876E-07  6.2245E-11  6.2168E-17
                                    4.502  2.4256E-06  6.4396E-11  1.5620E-16
                                    4.556  5.9926E-06  6.6243E-11  3.9697E-16
                                    4.596  7.1340E-06  6.8373E-11  4.8777E-16
+                                                                  __________
                                                       Total:      8.0607E-15

+                                                                  __________
                                         Total (this target):      6.0680E-14

        o 18   5.4700E-05  at219    6.273  1.1903E-08  2.3782E-09  2.8307E-17
 
        o 18   5.4700E-05  fr223    5.333  7.9608E-11  1.3450E-09  1.0707E-19
 
        o 18   5.4700E-05  ra223    5.284  1.4257E-07  1.2979E-09  1.8503E-16
                                    5.288  1.8534E-07  1.3023E-09  2.4136E-16
                                    5.340  1.4257E-07  1.3517E-09  1.9271E-16
                                    5.366  1.5682E-07  1.3771E-09  2.1596E-16
                                    5.435  3.2790E-06  1.4448E-09  4.7375E-15
                                    5.503  1.4257E-06  1.5129E-09  2.1569E-15
                                    5.540  1.2973E-05  1.5507E-09  2.0118E-14
                                    5.607  3.4216E-05  1.6207E-09  5.5455E-14
                                    5.716  7.5403E-05  1.7359E-09  1.3090E-13
                                    5.747  1.2973E-05  1.7697E-09  2.2959E-14
                                    5.858  4.5621E-07  1.8909E-09  8.6263E-16
                                    5.872  1.2118E-06  1.9066E-09  2.3104E-15
+                                                                  __________
                                                       Total:      2.4033E-13

        o 18   5.4700E-05  ac227    4.715  6.1438E-09  8.8468E-10  5.4353E-18
                                    4.770  2.7747E-08  9.1778E-10  2.5465E-17
                                    4.797  1.6053E-08  9.3112E-10  1.4947E-17
                                    4.856  7.3330E-08  9.6182E-10  7.0530E-17
                                    4.873  1.2089E-07  9.7493E-10  1.1786E-16
                                    4.901  2.1801E-09  9.9990E-10  2.1798E-18
                                    4.942  7.9274E-07  1.0311E-09  8.1742E-16
                                    4.954  9.3148E-07  1.0419E-09  9.7055E-16
+                                                                  __________
                                                       Total:      2.0244E-15

        o 18   5.4700E-05  th227    5.586  2.5658E-07  1.5988E-09  4.1021E-16
                                    5.602  2.4233E-07  1.6153E-09  3.9144E-16
                                    5.614  3.1360E-07  1.6273E-09  5.1031E-16
                                    5.669  2.9935E-06  1.6852E-09  5.0447E-15
                                    5.694  2.1382E-06  1.7122E-09  3.6612E-15
                                    5.702  5.1316E-06  1.7205E-09  8.8288E-15
                                    5.710  1.1689E-05  1.7290E-09  2.0210E-14
                                    5.714  6.9847E-06  1.7339E-09  1.2111E-14
                                    5.757  2.8509E-05  1.7803E-09  5.0754E-14
                                    5.763  3.2786E-07  1.7866E-09  5.8575E-16
                                    5.795  4.4189E-07  1.8218E-09  8.0502E-16
                                    5.808  1.8531E-06  1.8354E-09  3.4012E-15
                                    5.867  3.4211E-06  1.9009E-09  6.5030E-15
                                    5.910  2.4233E-07  1.9498E-09  4.7250E-16
                                    5.917  1.1119E-06  1.9569E-09  2.1758E-15
                                    5.978  4.2763E-06  2.0265E-09  8.6661E-15
                                    5.989  2.8213E-09  2.0400E-09  5.7553E-18
                                    6.009  4.0908E-06  2.0624E-09  8.4368E-15
                                    6.038  3.4137E-05  2.0963E-09  7.1561E-14
+                                                                  __________
                                                       Total:      2.0453E-13

        o 18   5.4700E-05  pa231    4.410  1.4258E-09  6.3507E-10  9.0549E-19
                                    4.508  4.2774E-09  6.9928E-10  2.9911E-18
                                    4.566  1.1406E-08  7.4500E-10  8.4978E-18
                                    4.599  2.1387E-08  7.7697E-10  1.6617E-17
                                    4.632  1.4258E-07  8.1018E-10  1.1551E-16
                                    4.643  1.4258E-07  8.2123E-10  1.1709E-16
                                    4.681  2.1387E-06  8.5852E-10  1.8361E-15
                                    4.713  1.4258E-06  8.8337E-10  1.2595E-15
                                    4.736  1.1977E-05  8.9813E-10  1.0757E-14
                                    4.795  5.7032E-08  9.3031E-10  5.3057E-17
                                    4.853  1.9961E-06  9.6039E-10  1.9171E-15
                                    4.900  2.8516E-09  9.9935E-10  2.8497E-18
                                    4.934  4.2774E-06  1.0247E-09  4.3830E-15
                                    4.951  3.2508E-05  1.0397E-09  3.3800E-14
                                    4.975  5.7032E-07  1.0601E-09  6.0459E-16
                                    4.986  1.9961E-06  1.0685E-09  2.1328E-15
                                    5.014  3.6215E-05  1.0840E-09  3.9256E-14
                                    5.028  2.8516E-05  1.0894E-09  3.1064E-14
                                    5.059  1.5684E-05  1.0995E-09  1.7244E-14
+                                                                  __________
                                                       Total:      1.4457E-13

        o 18   5.4700E-05   u235    4.150  1.2841E-06  4.3692E-10  5.6106E-16
                                    4.215  8.1328E-06  4.6577E-10  3.7880E-15
                                    4.271  5.7072E-07  5.1063E-10  2.9143E-16
                                    4.295  1.2841E-08  5.3252E-10  6.8382E-18
                                    4.366  2.4256E-05  5.8627E-10  1.4220E-14
                                    4.398  7.8474E-05  6.2122E-10  4.8749E-14
                                    4.414  2.9963E-06  6.3938E-10  1.9158E-15
                                    4.435  9.9876E-07  6.5976E-10  6.5894E-16
                                    4.502  2.4256E-06  6.9739E-10  1.6916E-15
                                    4.556  5.9926E-06  7.3447E-10  4.4013E-15
                                    4.596  7.1340E-06  7.7438E-10  5.5244E-15
+                                                                  __________
                                                       Total:      8.1809E-14

+                                                                  __________
                                         Total (this target):      6.7330E-13

       na 23   9.7800E-04  at219    6.273  1.1903E-08  5.2588E-09  6.2594E-17
 
       na 23   9.7800E-04  fr223    5.333  7.9608E-11  1.5900E-09  1.2657E-19
 
       na 23   9.7800E-04  ra223    5.284  1.4257E-07  1.4675E-09  2.0921E-16
                                    5.288  1.8534E-07  1.4787E-09  2.7406E-16
                                    5.340  1.4257E-07  1.6076E-09  2.2919E-16
                                    5.366  1.5682E-07  1.6753E-09  2.6273E-16
                                    5.435  3.2790E-06  1.8609E-09  6.1020E-15
                                    5.503  1.4257E-06  2.0547E-09  2.9293E-15
                                    5.540  1.2973E-05  2.1651E-09  2.8089E-14
                                    5.607  3.4216E-05  2.3750E-09  8.1262E-14
                                    5.716  7.5403E-05  2.7402E-09  2.0662E-13
                                    5.747  1.2973E-05  2.8527E-09  3.7010E-14
                                    5.858  4.5621E-07  3.2759E-09  1.4945E-15
                                    5.872  1.2118E-06  3.3330E-09  4.0389E-15
+                                                                  __________
                                                       Total:      3.6852E-13

       na 23   9.7800E-04  ac227    4.715  6.1438E-09  4.6377E-10  2.8493E-18
                                    4.770  2.7747E-08  5.2766E-10  1.4641E-17
                                    4.797  1.6053E-08  5.6099E-10  9.0056E-18
                                    4.856  7.3330E-08  6.4064E-10  4.6978E-17
                                    4.873  1.2089E-07  6.6615E-10  8.0534E-17
                                    4.901  2.1801E-09  7.0726E-10  1.5419E-18
                                    4.942  7.9274E-07  7.7155E-10  6.1164E-16
                                    4.954  9.3148E-07  7.9155E-10  7.3731E-16
+                                                                  __________
                                                       Total:      1.5045E-15

       na 23   9.7800E-04  th227    5.586  2.5658E-07  2.3082E-09  5.9224E-16
                                    5.602  2.4233E-07  2.3584E-09  5.7152E-16
                                    5.614  3.1360E-07  2.3952E-09  7.5111E-16
                                    5.669  2.9935E-06  2.5760E-09  7.7113E-15
                                    5.694  2.1382E-06  2.6628E-09  5.6937E-15
                                    5.702  5.1316E-06  2.6896E-09  1.3802E-14
                                    5.710  1.1689E-05  2.7176E-09  3.1765E-14
                                    5.714  6.9847E-06  2.7335E-09  1.9093E-14
                                    5.757  2.8509E-05  2.8887E-09  8.2353E-14
                                    5.763  3.2786E-07  2.9101E-09  9.5411E-16
                                    5.795  4.4189E-07  3.0311E-09  1.3394E-15
                                    5.808  1.8531E-06  3.0786E-09  5.7052E-15
                                    5.867  3.4211E-06  3.3123E-09  1.1331E-14
                                    5.910  2.4233E-07  3.4922E-09  8.4627E-16
                                    5.917  1.1119E-06  3.5187E-09  3.9123E-15
                                    5.978  4.2763E-06  3.7832E-09  1.6178E-14
                                    5.989  2.8213E-09  3.8353E-09  1.0820E-17
                                    6.009  4.0908E-06  3.9228E-09  1.6047E-14
                                    6.038  3.4137E-05  4.0571E-09  1.3850E-13
+                                                                  __________
                                                       Total:      3.5715E-13

       na 23   9.7800E-04  pa231    4.410  1.4258E-09  1.9201E-10  2.7377E-19
                                    4.508  4.2774E-09  2.6503E-10  1.1336E-18
                                    4.566  1.1406E-08  3.1454E-10  3.5877E-18
                                    4.599  2.1387E-08  3.4482E-10  7.3746E-18
                                    4.632  1.4258E-07  3.7665E-10  5.3703E-17
                                    4.643  1.4258E-07  3.8761E-10  5.5266E-17
                                    4.681  2.1387E-06  4.2681E-10  9.1282E-16
                                    4.713  1.4258E-06  4.6144E-10  6.5792E-16
                                    4.736  1.1977E-05  4.8729E-10  5.8361E-15
                                    4.795  5.7032E-08  5.5881E-10  3.1870E-17
                                    4.853  1.9961E-06  6.3695E-10  1.2714E-15
                                    4.900  2.8516E-09  7.0604E-10  2.0133E-18
                                    4.934  4.2774E-06  7.5928E-10  3.2477E-15
                                    4.951  3.2508E-05  7.8742E-10  2.5598E-14
                                    4.975  5.7032E-07  8.2715E-10  4.7174E-16
                                    4.986  1.9961E-06  8.4604E-10  1.6888E-15
                                    5.014  3.6215E-05  8.9509E-10  3.2416E-14
                                    5.028  2.8516E-05  9.2158E-10  2.6280E-14
                                    5.059  1.5684E-05  9.7796E-10  1.5338E-14
+                                                                  __________
                                                       Total:      1.1387E-13

       na 23   9.7800E-04   u235    4.150  1.2841E-06  6.0939E-11  7.8253E-17
                                    4.215  8.1328E-06  8.5193E-11  6.9285E-16
                                    4.271  5.7072E-07  1.1079E-10  6.3233E-17
                                    4.295  1.2841E-08  1.2298E-10  1.5792E-18
                                    4.366  2.4256E-05  1.6356E-10  3.9673E-15
                                    4.398  7.8474E-05  1.8384E-10  1.4427E-14
                                    4.414  2.9963E-06  1.9473E-10  5.8347E-16
                                    4.435  9.9876E-07  2.0938E-10  2.0912E-16
                                    4.502  2.4256E-06  2.6018E-10  6.3108E-16
                                    4.556  5.9926E-06  3.0566E-10  1.8317E-15
                                    4.596  7.1340E-06  3.4238E-10  2.4425E-15
+                                                                  __________
                                                       Total:      2.4928E-14

+                                                                  __________
                                         Total (this target):      8.6604E-13

       mg 25   4.7200E-05  at219    6.273  1.1903E-08  5.8477E-10  6.9603E-18
 
       mg 25   4.7200E-05  fr223    5.333  7.9608E-11  2.2874E-10  1.8210E-20
 
       mg 25   4.7200E-05  ra223    5.284  1.4257E-07  2.1511E-10  3.0667E-17
                                    5.288  1.8534E-07  2.1636E-10  4.0099E-17
                                    5.340  1.4257E-07  2.3070E-10  3.2890E-17
                                    5.366  1.5682E-07  2.3820E-10  3.7355E-17
                                    5.435  3.2790E-06  2.5867E-10  8.4817E-16
                                    5.503  1.4257E-06  2.7989E-10  3.9903E-16
                                    5.540  1.2973E-05  2.9192E-10  3.7872E-15
                                    5.607  3.4216E-05  3.1460E-10  1.0764E-14
                                    5.716  7.5403E-05  3.5303E-10  2.6620E-14
                                    5.747  1.2973E-05  3.6455E-10  4.7294E-15
                                    5.858  4.5621E-07  4.0656E-10  1.8548E-16
                                    5.872  1.2118E-06  4.1208E-10  4.9936E-16
+                                                                  __________
                                                       Total:      4.7974E-14

       mg 25   4.7200E-05  ac227    4.715  6.1438E-09  9.5976E-11  5.8965E-19
                                    4.770  2.7747E-08  1.0467E-10  2.9042E-18
                                    4.797  1.6053E-08  1.0906E-10  1.7507E-18
                                    4.856  7.3330E-08  1.1922E-10  8.7421E-18
                                    4.873  1.2089E-07  1.2239E-10  1.4796E-17
                                    4.901  2.1801E-09  1.2742E-10  2.7779E-19
                                    4.942  7.9274E-07  1.3517E-10  1.0716E-16
                                    4.954  9.3148E-07  1.3756E-10  1.2814E-16
+                                                                  __________
                                                       Total:      2.6435E-16

       mg 25   4.7200E-05  th227    5.586  2.5658E-07  3.0743E-10  7.8881E-17
                                    5.602  2.4233E-07  3.1283E-10  7.5808E-17
                                    5.614  3.1360E-07  3.1676E-10  9.9335E-17
                                    5.669  2.9935E-06  3.3595E-10  1.0057E-15
                                    5.694  2.1382E-06  3.4503E-10  7.3775E-16
                                    5.702  5.1316E-06  3.4780E-10  1.7848E-15
                                    5.710  1.1689E-05  3.5070E-10  4.0993E-15
                                    5.714  6.9847E-06  3.5234E-10  2.4610E-15
                                    5.757  2.8509E-05  3.6819E-10  1.0497E-14
                                    5.763  3.2786E-07  3.7036E-10  1.2142E-16
                                    5.795  4.4189E-07  3.8249E-10  1.6902E-16
                                    5.808  1.8531E-06  3.8721E-10  7.1756E-16
                                    5.867  3.4211E-06  4.1008E-10  1.4029E-15
                                    5.910  2.4233E-07  4.2735E-10  1.0356E-16
                                    5.917  1.1119E-06  4.2987E-10  4.7795E-16
                                    5.978  4.2763E-06  4.5471E-10  1.9445E-15
                                    5.989  2.8213E-09  4.5954E-10  1.2965E-18
                                    6.009  4.0908E-06  4.6761E-10  1.9129E-15
                                    6.038  3.4137E-05  4.7989E-10  1.6382E-14
+                                                                  __________
                                                       Total:      4.4072E-14

       mg 25   4.7200E-05  pa231    4.410  1.4258E-09  5.6078E-11  7.9956E-20
                                    4.508  4.2774E-09  6.7443E-11  2.8848E-19
                                    4.566  1.1406E-08  7.4811E-11  8.5332E-19
                                    4.599  2.1387E-08  7.9217E-11  1.6942E-18
                                    4.632  1.4258E-07  8.3778E-11  1.1945E-17
                                    4.643  1.4258E-07  8.5334E-11  1.2167E-17
                                    4.681  2.1387E-06  9.0842E-11  1.9428E-16
                                    4.713  1.4258E-06  9.5654E-11  1.3638E-16
                                    4.736  1.1977E-05  9.9219E-11  1.1883E-15
                                    4.795  5.7032E-08  1.0878E-10  6.2037E-18
                                    4.853  1.9961E-06  1.1876E-10  2.3705E-16
                                    4.900  2.8516E-09  1.2727E-10  3.6293E-19
                                    4.934  4.2774E-06  1.3370E-10  5.7188E-16
                                    4.951  3.2508E-05  1.3707E-10  4.4559E-15
                                    4.975  5.7032E-07  1.4180E-10  8.0869E-17
                                    4.986  1.9961E-06  1.4403E-10  2.8751E-16
                                    5.014  3.6215E-05  1.4981E-10  5.4256E-15
                                    5.028  2.8516E-05  1.5292E-10  4.3606E-15
                                    5.059  1.5684E-05  1.5949E-10  2.5015E-15
+                                                                  __________
                                                       Total:      1.9473E-14

       mg 25   4.7200E-05   u235    4.150  1.2841E-06  3.2405E-11  4.1612E-17
                                    4.215  8.1328E-06  3.7442E-11  3.0450E-16
                                    4.271  5.7072E-07  4.2275E-11  2.4127E-17
                                    4.295  1.2841E-08  4.4468E-11  5.7102E-19
                                    4.366  2.4256E-05  5.1429E-11  1.2474E-15
                                    4.398  7.8474E-05  5.4759E-11  4.2972E-15
                                    4.414  2.9963E-06  5.6515E-11  1.6934E-16
                                    4.435  9.9876E-07  5.8847E-11  5.8774E-17
                                    4.502  2.4256E-06  6.6707E-11  1.6180E-16
                                    4.556  5.9926E-06  7.3507E-11  4.4049E-16
                                    4.596  7.1340E-06  7.8864E-11  5.6262E-16
+                                                                  __________
                                                       Total:      7.3084E-15

+                                                                  __________
                                         Total (this target):      1.1910E-13

       mg 26   5.0000E-05  at219    6.273  1.1903E-08  8.3395E-10  9.9263E-18
 
       mg 26   5.0000E-05  fr223    5.333  7.9608E-11  3.1028E-10  2.4700E-20
 
       mg 26   5.0000E-05  ra223    5.284  1.4257E-07  2.9093E-10  4.1477E-17
                                    5.288  1.8534E-07  2.9271E-10  5.4249E-17
                                    5.340  1.4257E-07  3.1306E-10  4.4631E-17
                                    5.366  1.5682E-07  3.2373E-10  5.0768E-17
                                    5.435  3.2790E-06  3.5293E-10  1.1572E-15
                                    5.503  1.4257E-06  3.8333E-10  5.4650E-16
                                    5.540  1.2973E-05  4.0062E-10  5.1974E-15
                                    5.607  3.4216E-05  4.3335E-10  1.4827E-14
                                    5.716  7.5403E-05  4.8911E-10  3.6880E-14
                                    5.747  1.2973E-05  5.0583E-10  6.5623E-15
                                    5.858  4.5621E-07  5.6712E-10  2.5873E-16
                                    5.872  1.2118E-06  5.7523E-10  6.9707E-16
+                                                                  __________
                                                       Total:      6.6318E-14

       mg 26   5.0000E-05  ac227    4.715  6.1438E-09  1.2416E-10  7.6279E-19
                                    4.770  2.7747E-08  1.3604E-10  3.7747E-18
                                    4.797  1.6053E-08  1.4209E-10  2.2809E-18
                                    4.856  7.3330E-08  1.5619E-10  1.1453E-17
                                    4.873  1.2089E-07  1.6062E-10  1.9418E-17
                                    4.901  2.1801E-09  1.6769E-10  3.6557E-19
                                    4.942  7.9274E-07  1.7858E-10  1.4157E-16
                                    4.954  9.3148E-07  1.8193E-10  1.6947E-16
+                                                                  __________
                                                       Total:      3.4909E-16

       mg 26   5.0000E-05  th227    5.586  2.5658E-07  4.2297E-10  1.0853E-16
                                    5.602  2.4233E-07  4.3078E-10  1.0439E-16
                                    5.614  3.1360E-07  4.3648E-10  1.3688E-16
                                    5.669  2.9935E-06  4.6431E-10  1.3899E-15
                                    5.694  2.1382E-06  4.7748E-10  1.0210E-15
                                    5.702  5.1316E-06  4.8151E-10  2.4709E-15
                                    5.710  1.1689E-05  4.8572E-10  5.6775E-15
                                    5.714  6.9847E-06  4.8810E-10  3.4092E-15
                                    5.757  2.8509E-05  5.1112E-10  1.4571E-14
                                    5.763  3.2786E-07  5.1427E-10  1.6861E-16
                                    5.795  4.4189E-07  5.3193E-10  2.3505E-16
                                    5.808  1.8531E-06  5.3881E-10  9.9850E-16
                                    5.867  3.4211E-06  5.7229E-10  1.9578E-15
                                    5.910  2.4233E-07  5.9769E-10  1.4484E-16
                                    5.917  1.1119E-06  6.0141E-10  6.6868E-16
                                    5.978  4.2763E-06  6.3814E-10  2.7289E-15
                                    5.989  2.8213E-09  6.4531E-10  1.8206E-18
                                    6.009  4.0908E-06  6.5729E-10  2.6889E-15
                                    6.038  3.4137E-05  6.7558E-10  2.3062E-14
+                                                                  __________
                                                       Total:      6.1545E-14

       mg 26   5.0000E-05  pa231    4.410  1.4258E-09  7.0713E-11  1.0082E-19
                                    4.508  4.2774E-09  8.5698E-11  3.6656E-19
                                    4.566  1.1406E-08  9.5508E-11  1.0894E-18
                                    4.599  2.1387E-08  1.0142E-10  2.1690E-18
                                    4.632  1.4258E-07  1.0757E-10  1.5338E-17
                                    4.643  1.4258E-07  1.0968E-10  1.5638E-17
                                    4.681  2.1387E-06  1.1716E-10  2.5056E-16
                                    4.713  1.4258E-06  1.2372E-10  1.7640E-16
                                    4.736  1.1977E-05  1.2859E-10  1.5400E-15
                                    4.795  5.7032E-08  1.4169E-10  8.0811E-18
                                    4.853  1.9961E-06  1.5554E-10  3.1048E-16
                                    4.900  2.8516E-09  1.6748E-10  4.7758E-19
                                    4.934  4.2774E-06  1.7651E-10  7.5502E-16
                                    4.951  3.2508E-05  1.8124E-10  5.8918E-15
                                    4.975  5.7032E-07  1.8786E-10  1.0714E-16
                                    4.986  1.9961E-06  1.9099E-10  3.8124E-16
                                    5.014  3.6215E-05  1.9906E-10  7.2090E-15
                                    5.028  2.8516E-05  2.0340E-10  5.8001E-15
                                    5.059  1.5684E-05  2.1260E-10  3.3343E-15
+                                                                  __________
                                                       Total:      2.5799E-14

       mg 26   5.0000E-05   u235    4.150  1.2841E-06  3.9952E-11  5.1303E-17
                                    4.215  8.1328E-06  4.6442E-11  3.7770E-16
                                    4.271  5.7072E-07  5.2694E-11  3.0073E-17
                                    4.295  1.2841E-08  5.5539E-11  7.1319E-19
                                    4.366  2.4256E-05  6.4617E-11  1.5673E-15
                                    4.398  7.8474E-05  6.8981E-11  5.4132E-15
                                    4.414  2.9963E-06  7.1288E-11  2.1360E-16
                                    4.435  9.9876E-07  7.4354E-11  7.4262E-17
                                    4.502  2.4256E-06  8.4725E-11  2.0551E-16
                                    4.556  5.9926E-06  9.3764E-11  5.6189E-16
                                    4.596  7.1340E-06  1.0094E-10  7.2014E-16
+                                                                  __________
                                                       Total:      9.2158E-15

+                                                                  __________
                                         Total (this target):      1.6324E-13

       al 27   2.2400E-03  at219    6.273  1.1903E-08  5.6824E-09  6.7636E-17
 
       al 27   2.2400E-03  fr223    5.333  7.9608E-11  1.3959E-09  1.1112E-19
 
       al 27   2.2400E-03  ra223    5.284  1.4257E-07  1.2795E-09  1.8241E-16
                                    5.288  1.8534E-07  1.2900E-09  2.3909E-16
                                    5.340  1.4257E-07  1.4129E-09  2.0143E-16
                                    5.366  1.5682E-07  1.4787E-09  2.3189E-16
                                    5.435  3.2790E-06  1.6629E-09  5.4526E-15
                                    5.503  1.4257E-06  1.8606E-09  2.6525E-15
                                    5.540  1.2973E-05  1.9755E-09  2.5629E-14
                                    5.607  3.4216E-05  2.1977E-09  7.5195E-14
                                    5.716  7.5403E-05  2.5925E-09  1.9548E-13
                                    5.747  1.2973E-05  2.7152E-09  3.5226E-14
                                    5.858  4.5621E-07  3.1841E-09  1.4526E-15
                                    5.872  1.2118E-06  3.2493E-09  3.9376E-15
+                                                                  __________
                                                       Total:      3.4588E-13

       al 27   2.2400E-03  ac227    4.715  6.1438E-09  3.8489E-10  2.3646E-18
                                    4.770  2.7747E-08  4.4123E-10  1.2243E-17
                                    4.797  1.6053E-08  4.7088E-10  7.5590E-18
                                    4.856  7.3330E-08  5.4218E-10  3.9758E-17
                                    4.873  1.2089E-07  5.6514E-10  6.8323E-17
                                    4.901  2.1801E-09  6.0221E-10  1.3129E-18
                                    4.942  7.9274E-07  6.5988E-10  5.2312E-16
                                    4.954  9.3148E-07  6.7773E-10  6.3129E-16
+                                                                  __________
                                                       Total:      1.2860E-15

       al 27   2.2400E-03  th227    5.586  2.5658E-07  2.1267E-09  5.4566E-16
                                    5.602  2.4233E-07  2.1800E-09  5.2829E-16
                                    5.614  3.1360E-07  2.2192E-09  6.9594E-16
                                    5.669  2.9935E-06  2.4141E-09  7.2267E-15
                                    5.694  2.1382E-06  2.5084E-09  5.3634E-15
                                    5.702  5.1316E-06  2.5375E-09  1.3021E-14
                                    5.710  1.1689E-05  2.5679E-09  3.0016E-14
                                    5.714  6.9847E-06  2.5852E-09  1.8057E-14
                                    5.757  2.8509E-05  2.7545E-09  7.8527E-14
                                    5.763  3.2786E-07  2.7779E-09  9.1076E-16
                                    5.795  4.4189E-07  2.9105E-09  1.2861E-15
                                    5.808  1.8531E-06  2.9628E-09  5.4906E-15
                                    5.867  3.4211E-06  3.2256E-09  1.1035E-14
                                    5.910  2.4233E-07  3.4340E-09  8.3216E-16
                                    5.917  1.1119E-06  3.4651E-09  3.8527E-15
                                    5.978  4.2763E-06  3.7806E-09  1.6167E-14
                                    5.989  2.8213E-09  3.8438E-09  1.0844E-17
                                    6.009  4.0908E-06  3.9506E-09  1.6161E-14
                                    6.038  3.4137E-05  4.1165E-09  1.4053E-13
+                                                                  __________
                                                       Total:      3.5025E-13

       al 27   2.2400E-03  pa231    4.410  1.4258E-09  1.7183E-10  2.4500E-19
                                    4.508  4.2774E-09  2.2450E-10  9.6027E-19
                                    4.566  1.1406E-08  2.6145E-10  2.9822E-18
                                    4.599  2.1387E-08  2.8521E-10  6.0998E-18
                                    4.632  1.4258E-07  3.1098E-10  4.4340E-17
                                    4.643  1.4258E-07  3.2002E-10  4.5629E-17
                                    4.681  2.1387E-06  3.5299E-10  7.5494E-16
                                    4.713  1.4258E-06  3.8286E-10  5.4588E-16
                                    4.736  1.1977E-05  4.0553E-10  4.8569E-15
                                    4.795  5.7032E-08  4.6893E-10  2.6744E-17
                                    4.853  1.9961E-06  5.3886E-10  1.0756E-15
                                    4.900  2.8516E-09  6.0111E-10  1.7141E-18
                                    4.934  4.2774E-06  6.4890E-10  2.7756E-15
                                    4.951  3.2508E-05  6.7405E-10  2.1912E-14
                                    4.975  5.7032E-07  7.0940E-10  4.0458E-16
                                    4.986  1.9961E-06  7.2617E-10  1.4495E-15
                                    5.014  3.6215E-05  7.6956E-10  2.7870E-14
                                    5.028  2.8516E-05  7.9293E-10  2.2611E-14
                                    5.059  1.5684E-05  8.4256E-10  1.3215E-14
+                                                                  __________
                                                       Total:      9.7599E-14

       al 27   2.2400E-03   u235    4.150  1.2841E-06  7.2277E-11  9.2813E-17
                                    4.215  8.1328E-06  9.1187E-11  7.4161E-16
                                    4.271  5.7072E-07  1.1081E-10  6.3240E-17
                                    4.295  1.2841E-08  1.2008E-10  1.5420E-18
                                    4.366  2.4256E-05  1.5075E-10  3.6565E-15
                                    4.398  7.8474E-05  1.6582E-10  1.3013E-14
                                    4.414  2.9963E-06  1.7383E-10  5.2085E-16
                                    4.435  9.9876E-07  1.8453E-10  1.8430E-16
                                    4.502  2.4256E-06  2.2102E-10  5.3611E-16
                                    4.556  5.9926E-06  2.5464E-10  1.5260E-15
                                    4.596  7.1340E-06  2.8327E-10  2.0208E-15
+                                                                  __________
                                                       Total:      2.2356E-14

+                                                                  __________
                                         Total (this target):      8.1745E-13

       si 29   4.5100E-04  at219    6.273  1.1903E-08  2.9010E-09  3.4530E-17
 
       si 29   4.5100E-04  fr223    5.333  7.9608E-11  1.0099E-09  8.0397E-20
 
       si 29   4.5100E-04  ra223    5.284  1.4257E-07  9.7427E-10  1.3890E-16
                                    5.288  1.8534E-07  9.7650E-10  1.8098E-16
                                    5.340  1.4257E-07  1.0146E-09  1.4464E-16
                                    5.366  1.5682E-07  1.0619E-09  1.6653E-16
                                    5.435  3.2790E-06  1.1359E-09  3.7246E-15
                                    5.503  1.4257E-06  1.2157E-09  1.7332E-15
                                    5.540  1.2973E-05  1.3099E-09  1.6993E-14
                                    5.607  3.4216E-05  1.4054E-09  4.8087E-14
                                    5.716  7.5403E-05  1.6457E-09  1.2409E-13
                                    5.747  1.2973E-05  1.7153E-09  2.2254E-14
                                    5.858  4.5621E-07  1.8732E-09  8.5459E-16
                                    5.872  1.2118E-06  1.8939E-09  2.2951E-15
+                                                                  __________
                                                       Total:      2.2067E-13

       si 29   4.5100E-04  ac227    4.715  6.1438E-09  4.1419E-10  2.5447E-18
                                    4.770  2.7747E-08  4.5828E-10  1.2716E-17
                                    4.797  1.6053E-08  4.8337E-10  7.7595E-18
                                    4.856  7.3330E-08  5.4682E-10  4.0098E-17
                                    4.873  1.2089E-07  5.5932E-10  6.7619E-17
                                    4.901  2.1801E-09  5.8966E-10  1.2855E-18
                                    4.942  7.9274E-07  6.1569E-10  4.8809E-16
                                    4.954  9.3148E-07  6.2926E-10  5.8615E-16
+                                                                  __________
                                                       Total:      1.2063E-15

       si 29   4.5100E-04  th227    5.586  2.5658E-07  1.3740E-09  3.5253E-16
                                    5.602  2.4233E-07  1.3953E-09  3.3812E-16
                                    5.614  3.1360E-07  1.4163E-09  4.4414E-16
                                    5.669  2.9935E-06  1.5029E-09  4.4988E-15
                                    5.694  2.1382E-06  1.5760E-09  3.3699E-15
                                    5.702  5.1316E-06  1.5941E-09  8.1801E-15
                                    5.710  1.1689E-05  1.6234E-09  1.8975E-14
                                    5.714  6.9847E-06  1.6395E-09  1.1452E-14
                                    5.757  2.8509E-05  1.7332E-09  4.9412E-14
                                    5.763  3.2786E-07  1.7453E-09  5.7221E-16
                                    5.795  4.4189E-07  1.8055E-09  7.9785E-16
                                    5.808  1.8531E-06  1.8156E-09  3.3646E-15
                                    5.867  3.4211E-06  1.8844E-09  6.4467E-15
                                    5.910  2.4233E-07  1.9858E-09  4.8123E-16
                                    5.917  1.1119E-06  1.9998E-09  2.2235E-15
                                    5.978  4.2763E-06  2.2124E-09  9.4611E-15
                                    5.989  2.8213E-09  2.2391E-09  6.3171E-18
                                    6.009  4.0908E-06  2.2785E-09  9.3210E-15
                                    6.038  3.4137E-05  2.3327E-09  7.9631E-14
+                                                                  __________
                                                       Total:      2.0933E-13

       si 29   4.5100E-04  pa231    4.410  1.4258E-09  2.7275E-10  3.8889E-19
                                    4.508  4.2774E-09  3.2104E-10  1.3732E-18
                                    4.566  1.1406E-08  3.3754E-10  3.8501E-18
                                    4.599  2.1387E-08  3.5444E-10  7.5804E-18
                                    4.632  1.4258E-07  3.7383E-10  5.3301E-17
                                    4.643  1.4258E-07  3.7815E-10  5.3917E-17
                                    4.681  2.1387E-06  3.9201E-10  8.3839E-16
                                    4.713  1.4258E-06  4.1324E-10  5.8920E-16
                                    4.736  1.1977E-05  4.2832E-10  5.1299E-15
                                    4.795  5.7032E-08  4.8276E-10  2.7533E-17
                                    4.853  1.9961E-06  5.4523E-10  1.0883E-15
                                    4.900  2.8516E-09  5.8942E-10  1.6808E-18
                                    4.934  4.2774E-06  6.1171E-10  2.6165E-15
                                    4.951  3.2508E-05  6.2491E-10  2.0315E-14
                                    4.975  5.7032E-07  6.7998E-10  3.8780E-16
                                    4.986  1.9961E-06  6.9710E-10  1.3915E-15
                                    5.014  3.6215E-05  7.1175E-10  2.5776E-14
                                    5.028  2.8516E-05  7.1609E-10  2.0420E-14
                                    5.059  1.5684E-05  7.2265E-10  1.1334E-14
+                                                                  __________
                                                       Total:      9.0036E-14

       si 29   4.5100E-04   u235    4.150  1.2841E-06  1.8096E-10  2.3237E-16
                                    4.215  8.1328E-06  2.1279E-10  1.7305E-15
                                    4.271  5.7072E-07  2.3360E-10  1.3332E-16
                                    4.295  1.2841E-08  2.4054E-10  3.0888E-18
                                    4.366  2.4256E-05  2.6543E-10  6.4382E-15
                                    4.398  7.8474E-05  2.7088E-10  2.1257E-14
                                    4.414  2.9963E-06  2.7395E-10  8.2084E-16
                                    4.435  9.9876E-07  2.8399E-10  2.8364E-16
                                    4.502  2.4256E-06  3.1910E-10  7.7399E-16
                                    4.556  5.9926E-06  3.3169E-10  1.9877E-15
                                    4.596  7.1340E-06  3.5353E-10  2.5221E-15
+                                                                  __________
                                                       Total:      3.6183E-14

+                                                                  __________
                                         Total (this target):      5.5745E-13

       si 30   2.8800E-04  at219    6.273  1.1903E-08  1.4126E-09  1.6814E-17
 
       si 30   2.8800E-04  fr223    5.333  7.9608E-11  4.4760E-10  3.5632E-20
 
       si 30   2.8800E-04  ra223    5.284  1.4257E-07  4.3384E-10  6.1851E-17
                                    5.288  1.8534E-07  4.3470E-10  8.0565E-17
                                    5.340  1.4257E-07  4.4878E-10  6.3980E-17
                                    5.366  1.5682E-07  4.6816E-10  7.3418E-17
                                    5.435  3.2790E-06  5.0613E-10  1.6596E-15
                                    5.503  1.4257E-06  5.6017E-10  7.9860E-16
                                    5.540  1.2973E-05  6.3943E-10  8.2957E-15
                                    5.607  3.4216E-05  7.0486E-10  2.4117E-14
                                    5.716  7.5403E-05  7.7175E-10  5.8192E-14
                                    5.747  1.2973E-05  8.1153E-10  1.0528E-14
                                    5.858  4.5621E-07  9.3245E-10  4.2539E-16
                                    5.872  1.2118E-06  9.4840E-10  1.1493E-15
+                                                                  __________
                                                       Total:      1.0545E-13

       si 30   2.8800E-04  ac227    4.715  6.1438E-09  1.4947E-10  9.1831E-19
                                    4.770  2.7747E-08  1.9042E-10  5.2834E-18
                                    4.797  1.6053E-08  1.9827E-10  3.1829E-18
                                    4.856  7.3330E-08  2.1638E-10  1.5867E-17
                                    4.873  1.2089E-07  2.1953E-10  2.6540E-17
                                    4.901  2.1801E-09  2.3759E-10  5.1795E-19
                                    4.942  7.9274E-07  2.6588E-10  2.1077E-16
                                    4.954  9.3148E-07  2.6801E-10  2.4964E-16
+                                                                  __________
                                                       Total:      5.1273E-16

       si 30   2.8800E-04  th227    5.586  2.5658E-07  6.9387E-10  1.7803E-16
                                    5.602  2.4233E-07  7.0199E-10  1.7012E-16
                                    5.614  3.1360E-07  7.0788E-10  2.2199E-16
                                    5.669  2.9935E-06  7.3400E-10  2.1972E-15
                                    5.694  2.1382E-06  7.5874E-10  1.6224E-15
                                    5.702  5.1316E-06  7.6486E-10  3.9249E-15
                                    5.710  1.1689E-05  7.6818E-10  8.9791E-15
                                    5.714  6.9847E-06  7.7056E-10  5.3821E-15
                                    5.757  2.8509E-05  8.2151E-10  2.3420E-14
                                    5.763  3.2786E-07  8.2582E-10  2.7075E-16
                                    5.795  4.4189E-07  8.4480E-10  3.7331E-16
                                    5.808  1.8531E-06  8.6542E-10  1.6037E-15
                                    5.867  3.4211E-06  9.4326E-10  3.2269E-15
                                    5.910  2.4233E-07  9.7722E-10  2.3681E-16
                                    5.917  1.1119E-06  9.8192E-10  1.0918E-15
                                    5.978  4.2763E-06  1.0637E-09  4.5486E-15
                                    5.989  2.8213E-09  1.0763E-09  3.0366E-18
                                    6.009  4.0908E-06  1.0961E-09  4.4840E-15
                                    6.038  3.4137E-05  1.1318E-09  3.8636E-14
+                                                                  __________
                                                       Total:      1.0057E-13

       si 30   2.8800E-04  pa231    4.410  1.4258E-09  4.4761E-11  6.3820E-20
                                    4.508  4.2774E-09  6.9235E-11  2.9615E-19
                                    4.566  1.1406E-08  9.2161E-11  1.0512E-18
                                    4.599  2.1387E-08  1.0194E-10  2.1801E-18
                                    4.632  1.4258E-07  1.0475E-10  1.4936E-17
                                    4.643  1.4258E-07  1.0877E-10  1.5508E-17
                                    4.681  2.1387E-06  1.2653E-10  2.7061E-16
                                    4.713  1.4258E-06  1.4909E-10  2.1257E-16
                                    4.736  1.1977E-05  1.7173E-10  2.0567E-15
                                    4.795  5.7032E-08  1.9791E-10  1.1287E-17
                                    4.853  1.9961E-06  2.1553E-10  4.3022E-16
                                    4.900  2.8516E-09  2.3710E-10  6.7611E-19
                                    4.934  4.2774E-06  2.6460E-10  1.1318E-15
                                    4.951  3.2508E-05  2.6766E-10  8.7010E-15
                                    4.975  5.7032E-07  2.7113E-10  1.5463E-16
                                    4.986  1.9961E-06  2.8581E-10  5.7051E-16
                                    5.014  3.6215E-05  3.0197E-10  1.0936E-14
                                    5.028  2.8516E-05  3.0394E-10  8.6671E-15
                                    5.059  1.5684E-05  3.1607E-10  4.9571E-15
+                                                                  __________
                                                       Total:      3.8134E-14

       si 30   2.8800E-04   u235    4.150  1.2841E-06  1.9194E-11  2.4647E-17
                                    4.215  8.1328E-06  2.7990E-11  2.2763E-16
                                    4.271  5.7072E-07  3.6673E-11  2.0930E-17
                                    4.295  1.2841E-08  3.8248E-11  4.9114E-19
                                    4.366  2.4256E-05  4.2680E-11  1.0352E-15
                                    4.398  7.8474E-05  4.4450E-11  3.4882E-15
                                    4.414  2.9963E-06  4.4873E-11  1.3445E-16
                                    4.435  9.9876E-07  4.5773E-11  4.5717E-17
                                    4.502  2.4256E-06  6.7332E-11  1.6332E-16
                                    4.556  5.9926E-06  8.8275E-11  5.2899E-16
                                    4.596  7.1340E-06  1.0121E-10  7.2204E-16
+                                                                  __________
                                                       Total:      6.3916E-15

+                                                                  __________
                                         Total (this target):      2.5107E-13

+                                                                  __________
                                         Total (all targets):      3.5093E-12





2                                   Table II
                                    ========

                     Spontaneous Fission Neutron Production


         source  source atoms  dk constant  sf decay    nu    neutrons
        nuclide        per cm**3    (/second)   branching   bar   sec/cm**3
+       _______  ____________  ___________  _________  _____  _________
         pa231    2.1265E+08   6.7048E-13   1.600E-13  1.930  4.403E-17
          u235    4.5718E+12   3.1209E-17   7.000E-11  1.860  1.858E-14
+                                                             _________
                                                    Total:    1.862E-14
